2000 10000 2000
2 3 2746 2763
0 3 2098 2684 -17649294
2 7 3758 3765
0 7 3762 3791 539811248
3 3899
0 2 1952 1953 241597772
3 6785
3 1830
1 3 2662 2678
0 2 1127 1143 -182742240
0 2 1060 1086 167511148
1 3 2581 2589
1 1475 8897 8901
2 1 880 901
3 7076
3 8297
2 3 2876 2876
2 9 4317 4341
0 1650 5443 5466 -139460463
3 8586
2 3 2640 2648
2 4 3016 3022
2 4 3063 3177
1 14 4963 4976
2 3 2477 2739
2 3 2846 2864
3 9157
0 1 987 987 -353350741
0 5 3375 3379 304797849
3 7109
2 1 960 973
1 8 3907 3909
3 1142
3 135
1 1 533 872
0 1 367 367 -2113344
3 8550
1 1034 6854 6906
0 10 4090 4099 858457189
3 9963
1 1 684 691
1 1 962 966
0 2 1218 1238 438764679
1 2 1403 1432
3 2113
1 2 1194 1642
3 7074
3 3002
0 3 2487 2494 -648691815
2 10 4306 4315
0 5 3278 3331 -499051349
2 1 126 127
3 9521
3 6319
3 6202
2 1 137 163
1 3 2940 2946
1 2 1501 1501
0 2 1917 1917 -179523326
0 1 546 635 -454644213
0 7 3704 3754 152091171
3 2477
3 5705
3 3711
0 3 2609 2615 164870985
3 3352
2 2 1804 1813
2 3 2785 2787
0 3 2682 2685 400174872
2 4 3057 3063
0 3 2535 2536 44195894
3 8337
2 3 2762 2764
0 3 2823 2823 452181176
1 5 3250 3259
0 1 866 893 648281809
3 182
2 2 1532 1537
1 8 3894 3894
3 9715
3 675
2 3 2606 2654
1 1 844 864
2 3 2827 2847
2 8 3803 3806
1 3 2991 2994
1 3 2554 2649
0 3 2908 2915 244913831
3 7117
0 5 3375 3394 765163727
3 3641
2 8 3979 3987
2 3 2425 2443
2 3 2169 2209
1 3 2798 2814
0 1 202 890 -504938352
0 3 2024 2050 -63280519
0 3 2900 2932 -549604037
1 3 2822 2829
2 7 3655 3655
2 10 4231 4237
1 9 4301 4313
1 1 898 905
3 2418
3 3417
2 1 516 519
1 5 3325 3335
0 448 7132 8670 -473586276
1 4 3183 3186
3 1056
3 2157
2 3 2544 2554
1 247 8695 8707
3 2441
1 57 5342 5400
0 3 2097 2910 -334479131
0 1 270 275 533352423
3 3553
1 9 4095 4097
3 2430
3 9552
1 1800 5710 5716
3 1415
0 2 1126 1129 335277668
1 8 3814 3917
2 9 4198 4198
0 6 3504 3590 -685235050
0 6 3404 3412 336166771
0 7 3602 3608 185037636
2 4 3102 3200
0 571 5885 5891 108965765
0 7 3729 3734 520482395
3 9376
2 1 80 107
0 1 815 823 382911785
1 1850 5543 5545
0 6 3484 3544 -89607954
0 1 37 39 570791398
2 10 4204 4212
1 1 138 142
0 6 3549 3552 226048160
0 1 856 926 -325538757
0 3 2253 2267 366673467
1 8 3861 3930
1 1 311 314
2 6 3566 3586
3 2449
1 3 2929 2931
1 5 3360 3362
1 3 2034 2037
1 8 3867 3871
1 2 1152 1159
1 1 851 851
2 2 1155 1175
2 2 1757 1763
1 4 3133 3141
3 2269
2 3 2494 2868
1 10 4438 4451
0 3 2490 2836 -433621749
0 2 1303 1318 -657485986
2 4 3027 3194
0 2 1214 1974 -53930242
3 9404
1 1 732 734
1 14 4915 4935
0 1 711 711 -723131048
0 2 1461 1463 -108474217
3 5442
0 9 4002 4021 162430097
2 4 3101 3123
1 4 3196 3196
0 3 2248 2815 -81917292
1 25 5021 5029
3 3878
2 8 3986 3995
0 3 2981 2989 325378955
3 3745
0 2 1685 1694 779452466
2 3 2346 2765
0 9 4139 4141 -340482915
3 2771
1 210 6036 6045
1 3 2540 2545
2 1 533 885
0 13 4897 4899 920395334
3 3479
2 2 1087 1096
2 1 542 628
3 3748
2 5 3229 3235
1 4 3030 3032
0 9 4182 4188 400957863
0 1 944 948 -68983181
2 2 1957 1962
2 2 1722 1723
2 3 2382 2391
3 1963
1 1 526 527
3 6793
1 2 1563 1589
2 1 963 970
0 2 1586 1965 245069667
0 7 3697 3698 110137352
3 9826
2 5 3393 3398
2 1 450 455
3 8315
1 2 1936 1937
1 968 5099 6380
2 5 3346 3348
2 15 4717 4718
3 6410
0 4 3187 3190 68298733
2 6 3462 3479
1 1 186 195
1 2 1923 1980
2 1714 6750 6759
3 3516
2 9 4459 4485
0 1 370 370 -208290361
3 4750
2 11 4812 4819
1 1 962 965
3 1427
1 4 3025 3090
3 4478
2 2 1025 1040
3 2845
2 1 647 662
2 1 109 113
1 1 331 967
0 3 2119 2127 131564424
3 9072
0 2 1791 1798 345595378
1 3 2636 2640
3 6222
2 1 389 390
2 3 2265 2269
2 2 1714 1716
1 8 3929 3934
1 2 1468 1469
1 3 2755 2783
3 3548
0 8 3949 3955 -707720549
3 4938
2 2 1829 1834
0 6 3524 3530 -198298489
0 2 1958 1962 -33970426
2 6 3407 3445
2 1357 5334 5340
3 7704
2 5 3324 3325
0 1 378 385 -115820095
2 9 4134 4300
0 9 4148 4156 -226464626
1 2 1231 1236
1 9 4309 4359
3 9541
2 3 2858 2882
2 13 4637 4642
1 3 2082 2135
3 7096
0 2 1868 1870 320575517
2 1 408 604
0 12 4980 4988 -656263816
0 6 3457 3469 546441459
3 4367
2 2 1429 1689
2 3 2282 2301
2 5 3286 3301
3 190
3 5234
2 2 1960 1964
1 7 3684 3688
1 3 2374 2374
3 865
0 1 491 499 589001628
2 2 1603 1606
0 2 1314 1321 -541546596
3 8335
1 1 152 413
1 576 9833 9835
0 1 293 345 53295195
0 4 3170 3198 83465338
3 9393
2 1 775 783
0 3 2144 2153 -743745256
3 8582
0 2 1091 1093 -136961566
1 2 1323 1956
2 2 1388 1415
1 2 1428 1430
0 1 703 842 565529853
0 3 2223 2223 78942901
3 2798
0 4 3158 3168 -331387339
0 7 3677 3683 777256440
1 2 1632 1635
1 6 3595 3595
2 2 1596 1605
2 8 3853 3872
2 6 3540 3541
0 1 448 450 477198882
0 3 2100 2128 -593144955
3 8062
0 921 7527 7599 -190465230
0 10 4473 4483 96688760
2 1 699 708
1 1 360 374
1 1 338 344
2 5 3341 3347
0 3 2185 2191 202730079
3 3251
0 796 6810 6822 -115741121
3 371
3 2580
0 6 3529 3531 -14558095
2 1544 9888 9905
2 2 1015 1024
1 1 568 572
2 1489 8071 8072
3 9301
3 3882
2 3 2104 2108
2 3 2668 2755
0 3 2229 2236 480802348
2 2 1673 1676
3 7329
1 2 1553 1561
0 1 118 120 832545492
0 6 3426 3434 276552140
2 1 836 838
3 7503
0 7 3777 3780 147749554
3 3325
0 5 3269 3269 471549574
2 3 2101 2104
0 10 4310 4322 592793255
3 651
0 3 2940 2956 205161054
0 3 2185 2208 -91114954
2 7 3781 3787
1 2 1966 1970
2 7 3617 3625
0 2 1337 1340 420835874
0 6 3496 3503 -110575864
3 7974
2 7 3760 3761
3 999
1 2 1892 1899
2 1299 6896 7341
2 3 2020 2137
0 4 3149 3150 126928040
1 1 778 779
3 9421
2 6 3416 3470
3 7302
2 1966 7872 7899
1 2 1785 1787
0 3 2989 2991 -478247924
0 3 2012 2051 810265840
2 2 1796 1800
0 1 391 399 38724614
2 2 1405 1431
3 95
1 3 2848 2875
3 2227
3 8682
3 5696
3 2788
1 10 4449 4483
2 2 1029 1101
3 2943
3 9016
0 2 1292 1292 529720472
2 1 709 715
1 2 1469 1469
2 2 1079 1687
1 5 3323 3345
0 6 3590 3591 -599719341
2 1 922 928
1 5 3293 3389
3 3347
0 3 2170 2182 63022452
3 6266
2 1 975 975
3 9447
1 2 1804 1829
0 7 3650 3651 -347297874
3 6592
2 2 1596 1612
2 1 954 964
1 6 3407 3412
0 7 3693 3702 -106662977
1 2 1371 1375
3 5329
1 2 1482 1489
0 4 3197 3200 30990435
3 1379
1 2 1222 1224
0 3 2466 2475 -215312587
1 3 2275 2279
0 2 1486 1490 -446379150
2 5 3349 3352
2 2 1864 1865
3 1838
1 3 2096 2170
2 889 9437 9706
1 6 3440 3481
0 2 1362 1367 41682721
3 4414
2 6 3597 3598
0 2 1099 1797 -296752016
3 2834
1 2 1565 1702
2 2 1113 1122
0 5 3338 3345 197848014
2 2 1524 1543
1 8 3877 3885
0 13 4937 4941 645276505
3 2689
0 6 3481 3487 -357034613
2 1 279 336
0 10 4103 4105 702484354
2 2 1629 1631
1 7 3703 3705
1 3 2318 2322
2 1 14 40
1 1 644 652
2 7 3747 3795
0 2 1571 1577 -266109526
0 3 2112 2116 258170695
3 3724
0 982 7041 7066 388175126
0 2 1297 1753 -698857408
1 5 3334 3380
1 3 2141 2152
3 1220
1 2 1952 1959
1 1 465 465
1 3 2339 2341
2 3 2637 2643
2 7 3747 3750
3 6626
1 6 3475 3484
1 5 3392 3398
1 3 2574 2575
1 2 1165 1877
0 3 2479 2965 69752748
3 1606
1 7 3794 3795
1 1 577 579
2 1 370 396
2 6 3510 3512
3 3137
0 2 1807 1816 -762699585
0 8 3820 3821 -63001258
2 5 3266 3285
1 34 7025 7034
0 1 570 972 147960613
2 1 692 692
1 1 916 975
0 1 926 939 -218724617
1 15 4679 4705
3 1499
0 6 3514 3545 34773696
1 1 596 601
0 4 3167 3192 -680676557
2 2 1967 1977
0 635 6308 6308 -87944856
3 1286
0 2 1569 1595 -438741343
3 2187
2 2 1754 1756
1 4 3174 3191
3 8393
0 2 1516 1523 -27430018
1 3 2762 2773
1 9 4197 4201
2 2 1114 1212
1 3 2318 2324
3 7513
2 1 918 920
3 3841
0 2 1207 1903 -129575167
1 1 4 86
1 3 2195 2199
1 6 3547 3572
1 5 3291 3393
1 3 2723 2741
0 2 1243 1244 -259658939
2 6 3467 3546
0 1 11 18 -353375558
0 1 854 857 -278449475
0 1 388 400 -532052151
1 2 1793 1796
1 9 4158 4162
3 3360
3 2910
2 3 2801 2803
3 1788
0 2 1556 1557 -728031968
2 2 1553 1553
2 1 616 636
3 7531
0 4 3053 3058 -11365030
0 1 55 64 219344289
1 1 593 596
3 6004
2 1808 9128 9128
3 6303
3 2272
3 7501
1 9 4063 4130
1 6 3600 3600
2 2 1912 1938
0 2 1052 1058 455231691
3 7471
0 2 1293 1372 190322433
2 4 3004 3050
3 9127
1 1 617 617
3 5669
0 3 2877 2891 958289236
0 1 944 951 -479127119
1 6 3570 3592
3 5257
3 8420
3 489
3 179
3 8795
3 3446
2 3 2055 2084
3 7171
1 10 4218 4315
1 2 1564 1588
0 2 1458 1458 -136900821
3 3796
1 1 999 1000
3 5744
2 2 1366 1370
3 9926
0 6 3594 3596 15085279
0 2 1534 1549 828279634
2 1 168 186
3 4277
0 941 6003 6008 88442156
2 3 2835 2854
0 2 1774 1798 208690870
1 1 743 744
3 4741
1 2 1821 1825
0 8 3878 3902 -535169056
2 4 3145 3154
0 8 3845 3878 -86691618
3 3268
3 6179
2 2 1624 1627
3 4617
3 4794
3 8744
3 4488
3 9674
0 3 2338 2358 305940205
2 8 3950 3955
0 15 4612 4706 294553477
1 2 1670 1670
3 4015
0 3 2001 2004 390457003
0 1 681 685 410878034
3 4426
3 9699
1 1 579 579
2 1 585 612
1 2 1784 1785
2 1260 8143 8144
2 3 2274 2287
3 2081
3 5833
0 2 1606 1612 -334969398
0 4 3192 3197 478553959
0 1 863 877 434037923
0 2 1895 1905 -92965374
3 6190
0 2 1834 1843 -100899106
1 3 2249 2266
2 6 3498 3501
3 1818
1 343 7122 7574
1 3 2752 2811
2 5 3374 3374
1 2 1474 1487
0 1 705 709 330170665
0 3 2305 2314 -16945307
0 1 467 490 46338816
2 7 3701 3707
3 3958
0 8 3808 3814 571460963
3 4970
3 7295
2 10 4139 4471
1 1 310 412
2 3 2623 2812
3 545
1 1 173 181
0 2 1666 1668 -640230228
2 1508 6767 6776
3 677
1 3 2916 2991
0 5 3238 3241 -120036217
0 7 3649 3671 382728954
3 6969
0 4 3060 3082 -701718329
2 3 2329 2334
2 3 2297 2301
1 3 2563 2660
0 1 335 342 -281821925
1 1 883 889
1 1 847 856
0 4 3076 3081 255655544
1 2 1244 1247
3 6493
2 503 6772 6774
0 4 3055 3122 415759021
1 9 4257 4266
2 1 259 263
3 893
2 2 1838 1847
2 13 4699 4716
2 844 9631 9634
0 2 1068 1088 373014609
3 2603
1 2 1108 1121
3 5768
0 9 4344 4352 -93286928
2 8 3924 3982
3 7196
3 4531
0 8 3978 3978 718985311
1 2 1096 1101
2 2 1695 1698
1 1 167 174
0 2 1527 1538 -389258391
2 1 314 603
1 7 3642 3667
1 1 310 312
1 1 243 250
3 4135
2 1 992 998
0 5 3207 3212 621857811
0 6 3548 3557 356011056
3 1793
3 5289
2 12 4759 4763
2 3 2503 2503
0 4 3104 3107 -413221641
0 3 2832 2950 73781804
3 6924
1 2 1266 1361
2 1 596 600
1 1 211 236
3 4209
2 3 2943 2965
3 2758
0 3 2770 2789 211679881
0 7 3653 3673 123875046
2 3 2453 2462
1 4 3011 3017
3 4290
2 2 1974 1979
2 2 1124 1143
2 620 6261 6264
0 3 2346 2350 -441779551
3 8562
0 2 1352 1509 -356632236
0 4 3085 3092 -120165066
2 608 6110 6116
1 3 2724 2731
0 1259 7538 7556 -20937884
0 2 1694 1723 -407728348
3 892
1 1 680 684
3 2869
3 8429
2 1 345 373
3 2554
3 848
0 5 3331 3343 -208272096
3 7894
3 9338
2 3 2774 2786
0 1 646 785 -356201310
2 2 1952 1967
3 3870
1 1 311 314
1 1 645 658
1 4 3179 3188
0 3 2362 2431 483760027
1 5 3300 3340
0 3 2475 2482 695912902
1 1 913 922
1 3 2763 2766
1 15 4617 4619
1 1 904 910
2 2 1257 1263
3 6841
2 2 1358 1903
2 544 9017 9021
0 2 1131 1140 487928814
1 3 2875 2900
2 10 4462 4463
0 7 3758 3765 722031093
0 6 3527 3540 -835684814
2 2 1445 1445
1 1477 7564 7566
2 6 3442 3448
3 4522
0 7 3746 3754 130695870
1 3 2686 2892
1 2 1574 1912
2 3 2634 2634
2 2 1060 1066
1 2 1881 1887
0 2 1854 1861 518828326
0 13 4989 4990 255097255
1 6 3596 3599
1 3 2558 2646
0 3 2852 2853 974741156
1 3 2068 2068
1 3 2229 2233
3 7442
1 1 1000 1000
2 10 4307 4431
0 1 917 920 204454610
3 487
2 5 3211 3220
1 3 2303 2308
1 5 3366 3369
2 8 3853 3855
3 2772
2 1 656 680
1 3 2122 2647
0 5 3206 3234 79873615
2 2 1048 1069
0 3 2708 2739 31032500
1 1 655 657
3 8239
1 7 3739 3741
1 8 3902 3956
1 1 278 280
0 5 3300 3302 169287533
1 8 3854 3861
3 5256
3 351
2 1 978 984
3 4621
3 2281
0 5 3287 3295 -274754620
3 6658
2 2 1669 1674
1 2 1591 1608
2 2 1587 1981
3 8753
3 2361
3 6689
2 378 9790 9797
1 1 579 586
1 7 3780 3798
0 823 9397 9397 -361891386
2 2 1838 1865
3 8004
1 2 1179 1184
3 3856
3 3261
2 3 2963 2969
2 3 2466 2819
0 3 2856 2865 -24153381
2 1920 8435 8435
0 3 2759 2768 255606942
0 2 1044 1048 -127213927
1 2 1272 1324
0 7 3627 3629 286223485
3 5850
0 5 3302 3311 -37858695
3 1542
1 349 7479 7480
3 1900
1 3 2718 2877
1 8 3993 3998
1 3 2572 2587
0 1 134 138 -93711156
3 6220
3 7589
2 3 2618 2623
2 8 3994 3997
2 3 2616 2620
2 2 1697 1742
1 7 3707 3716
1 6 3417 3417
2 4 3108 3110
1 4 3027 3036
3 3819
2 7 3712 3712
1 2 1815 1822
1 3 2077 2133
3 5759
3 6008
2 1 869 922
3 6023
3 4447
3 5881
2 2 1388 1397
3 1338
3 4205
2 3 2094 2095
2 1 70 88
3 3746
0 1752 8302 8322 705400453
2 2 1169 1176
2 1252 7044 7048
2 8 3982 3990
0 3 2122 2129 -456622243
3 4732
0 5 3326 3346 -193074985
0 7 3758 3762 607386805
0 5 3309 3310 724614345
0 2 1057 1561 277229518
1 1 323 324
0 8 3890 3893 -276156162
3 2749
1 5 3291 3299
2 7 3638 3655
2 2 1620 1625
1 11 4883 4891
2 2 1391 1532
1 6 3423 3596
0 2 1383 1384 335421240
2 2 1018 1481
0 5 3323 3332 424361397
1 1 883 886
2 4 3063 3086
2 3 2001 2007
3 2571
0 3 2182 2928 486450798
3 7370
2 1 414 645
3 9614
1 6 3558 3565
2 1 167 174
0 7 3773 3783 -263512222
2 7 3631 3636
0 4 3046 3052 60893067
1 3 2998 2999
1 10 4123 4123
0 870 6475 6479 -327632824
3 6518
0 2 1382 1399 -51862683
3 3814
2 2 1921 1926
1 6 3499 3505
0 3 2204 2205 632100493
2 1 400 406
1 2 1786 1867
3 9890
0 3 2114 2119 -492181003
0 1 183 187 761622327
1 1 274 298
0 3 2980 2989 179119209
3 4344
3 2545
0 13 4747 4772 640406927
1 13 4788 4791
3 2641
0 1 572 963 666019817
1 1616 5561 5561
3 9316
3 3999
0 5 3210 3210 536049430
1 1 688 690
1 1 652 737
3 5619
0 3 2494 2517 12408322
0 1910 6892 6894 -89462936
2 1 684 684
2 2 1999 2000
2 5 3282 3284
2 3 2919 2947
1 1 748 756
3 333
2 9 4383 4390
0 3 2676 2683 40320790
1 1002 5055 5062
1 1 440 457
3 4321
3 8130
3 1570
2 2 1432 1440
1 2 1569 1585
2 3 2209 2219
2 3 2073 2073
3 9069
0 1 394 403 -235951727
3 450
0 6 3417 3441 -177741528
2 1 769 776
1 3 2147 2149
1 3 2489 2497
1 2 1520 1529
2 1 370 388
2 4 3075 3084
0 4 3098 3134 -238615379
2 3 2615 2620
2 1 139 141
3 2296
3 9756
1 2 1255 1629
0 4 3137 3146 10368645
1 1 483 511
2 5 3235 3235
0 2 1012 1015 -56211877
1 3 2976 2978
3 9102
3 4518
2 1 484 487
0 2 1086 1111 351290656
1 3 2328 2328
1 3 2747 2749
1 2 1602 1607
0 1766 9739 9744 -188395096
0 2 1156 1241 -838543718
3 5425
1 1980 9608 9612
2 954 7731 7731
0 1 988 998 127192720
1 9 4002 4007
3 9059
3 8129
0 1 50 53 -30903116
3 8654
1 1 492 514
3 4724
1 2 1202 1205
2 3 2849 2851
2 303 7235 7240
0 1832 9534 9550 -97972566
0 1398 7234 7541 108325214
3 9887
3 6835
0 2 1624 1624 89312549
3 2855
2 3 2086 2089
3 1225
1 1 618 627
0 2 1839 1840 301394638
2 8 3907 3931
1 3 2501 2502
1 2 1300 1370
3 8699
0 8 3910 3916 -272515693
1 1809 7750 7753
0 2 1619 1643 -1742561
3 1095
0 3 2786 2812 252519504
0 3 2289 2293 639012053
1 1 689 695
3 7187
2 3 2658 2661
2 5 3280 3284
1 8 3915 3915
1 3 2567 2569
3 510
0 3 2011 2019 19522469
3 4960
3 2856
3 5758
0 1 414 422 -361765651
0 3 2671 2672 -239290601
3 1540
1 2 1762 1774
0 3 2815 2943 114126510
1 10 4327 4331
2 3 2861 2886
3 9124
0 1 242 245 54349966
3 1469
0 8 3853 3858 411618179
2 1968 6814 6815
0 1 100 113 109253100
3 1203
0 4 3120 3186 -461845613
2 1 62 62
0 1471 5813 5823 -257155088
1 346 7839 7857
1 3 2247 2253
2 2 1742 1750
1 2 1581 1901
2 8 3880 3888
0 2 1215 1610 84598
0 3 2656 2662 497514735
2 3 2083 2089
0 1 824 837 228072679
2 1 173 206
2 4 3066 3067
0 3 2111 2115 223191185
3 6872
3 9565
1 1 521 524
1 1 504 516
1 2 1931 1935
0 3 2518 2526 433448940
3 1562
1 484 9179 9187
1 3 2573 2573
2 1 46 66
0 7 3773 3775 108020751
3 2907
2 5 3231 3234
0 2 1218 1230 154310367
2 8 3924 3932
2 2 1546 1550
1 9 4172 4174
2 6 3558 3560
1 1 18 21
0 3 2973 2990 -823693511
1 4 3190 3195
3 8205
3 7108
2 1 150 157
0 4 3021 3032 -23000258
1 978 9287 9291
2 1 271 277
2 3 2918 2918
1 2 1347 1347
3 8020
2 1 120 125
1 4 3077 3090
3 3022
3 3105
0 1 787 801 -393852747
3 2078
1 3 2963 2970
2 5 3372 3373
1 1099 9859 9917
1 3 2742 2743
0 9 4242 4242 34732657
2 8 3844 3846
2 4 3163 3172
2 1 188 190
3 2153
0 1 103 109 -342082457
1 3 2087 2353
2 1 506 515
0 595 9590 9598 -22088070
3 2234
2 1 299 325
1 7 3670 3677
1 4 3087 3092
2 6 3478 3570
2 2 1396 1399
0 2 1683 1689 101511767
3 601
3 3819
1 7 3698 3703
2 8 3893 3922
2 9 4062 4063
3 1813
2 2 1251 1254
0 2 1067 1072 360900111
1 2 1193 1194
0 2 1307 1310 198381830
3 7240
0 6 3571 3597 689965136
0 3 2269 2659 -477981815
0 2 1168 1196 269531469
1 3 2754 2757
1 3 2941 2944
0 3 2184 2184 818577162
0 8 3976 3995 301783933
0 3 2037 2038 39290287
1 1 443 472
0 4 3043 3048 481839433
2 1365 6907 6912
1 1 979 982
1 5 3357 3376
0 3 2283 2288 -683898138
2 3 2096 2178
2 4 3160 3168
2 7 3717 3719
2 2 1476 1480
3 8983
1 8 3850 3850
3 7506
0 3 2567 2584 -336647364
3 7423
3 5255
2 573 8861 9718
3 1883
3 6693
0 2 1935 1942 -741307532
1 8 3879 3907
3 5797
1 1 657 662
1 1 147 156
3 5066
0 3 2010 2032 148780411
3 6645
2 10 4331 4337
2 1 377 385
2 1 96 188
1 1 962 970
0 1 90 91 -66965338
1 2 1657 1658
1 1 542 542
3 755
1 2 1258 1898
3 561
3 1105
2 2 1617 1619
0 2 1610 1615 284922453
1 4 3192 3192
2 1 168 247
3 3037
1 9 4048 4057
0 5 3322 3322 -338818353
3 4389
0 2 1126 1859 119713926
3 5281
3 4368
0 1 330 338 912719070
1 9 4104 4118
3 8512
0 3 2669 2686 -555711824
2 3 2927 2947
0 3 2509 2583 -748760213
1 1 934 942
3 4133
0 9 4263 4273 -349953209
0 2 1699 1700 890181300
0 2 1432 1817 619713044
1 1 583 588
2 3 2104 2770
3 7649
2 3 2892 2892
1 1 42 49
3 3188
1 3 2173 2184
2 5 3346 3393
1 6 3580 3588
3 228
2 9 4294 4297
3 1075
3 3219
1 7 3787 3789
1 4 3003 3099
0 1 561 568 -432254473
0 1 700 710 -35099642
0 3 2381 2436 -391439572
3 8879
2 1 741 747
0 2 1075 1077 -155766016
1 1 172 196
2 7 3640 3666
0 1 473 492 -681139382
1 2 1326 1352
1 1 157 579
0 2 1584 1608 -105060908
2 1 785 787
1 2 1332 1337
2 8 3917 3929
3 2275
3 6090
0 2 1746 1747 3607570
0 10 4425 4427 774238909
1 2 1380 1398
1 6 3565 3577
1 2 1183 1192
3 5410
0 3 2786 2786 -114121040
3 2184
1 5 3260 3341
2 3 2467 2469
3 6614
2 8 3824 3827
2 8 3963 3967
1 5 3253 3270
1 1 504 506
0 7 3668 3688 499207271
1 3 2226 2240
0 1783 8070 8071 455904723
2 5 3308 3311
0 6 3498 3524 56868587
0 2 1637 1639 -106426737
0 3 2492 2496 -287644441
2 11 4872 4876
1 1 546 683
0 3 2157 2180 -575507874
2 1 245 479
1 3 2878 2900
2 2 1783 1787
3 3818
0 3 2952 2959 -251417684
1 3 2158 2673
3 1929
2 7 3712 3729
2 6 3426 3453
0 2 1384 1958 -680186833
1 2 1518 1518
1 6 3479 3507
0 2 1951 1954 276777081
1 3 2905 2909
2 2 1383 1386
3 173
3 9147
0 8 3911 3913 93844405
1 1 439 446
1 3 2963 2986
1 5 3206 3234
1 621 8177 8196
3 5964
1 1 789 865
0 754 5787 7094 -89676837
0 1 752 775 -80027924
1 3 2310 2315
3 7099
0 9 4228 4234 -98447826
0 2 1982 1982 262162478
2 7 3754 3754
3 6843
2 2 1620 1622
0 3 2937 2978 -352286678
1 1 302 318
3 6712
0 9 4137 4141 -223177451
0 1 140 189 126815673
0 2 1803 1810 14810204
0 2 1031 1036 -104682685
1 6 3517 3539
1 6 3465 3472
3 8490
2 14 4623 4625
2 7 3709 3716
2 1 846 868
3 9896
3 61
1 2 1840 1847
0 2 1596 1602 193275839
1 1 94 114
3 6660
0 2 1668 1673 -85460945
1 1 698 714
3 9231
1 6 3476 3484
3 6537
0 386 9734 9785 -110943607
2 2 1171 1178
2 5 3246 3327
3 5196
2 2 1725 1731
0 1 97 102 -871700071
2 1 161 164
1 8 3852 3857
3 2942
2 1 266 271
0 4 3084 3105 303711188
0 6 3522 3596 -408797063
1 1 388 408
2 2 1345 1353
2 1 995 1000
1 3 2873 2936
1 7 3666 3694
0 5 3216 3222 -292935418
1 1 622 625
0 3 2621 2630 -213992830
0 4 3142 3154 -620158992
3 1991
3 5592
2 1 212 241
3 3644
2 13 4882 4890
0 1 351 375 22067066
0 1 167 169 -609698988
2 3 2428 2456
0 4 3144 3153 370090452
2 10 4207 4216
1 7 3652 3671
2 8 3939 3939
1 8 3900 3908
0 3 2185 2213 720271961
2 3 2012 2012
0 2 1363 1374 -783722963
0 1227 9185 9186 761575605
1 2 1967 1969
2 10 4346 4349
2 4 3105 3192
1 2 1967 1977
2 2 1070 1071
0 1 401 421 669772246
0 3 2942 2950 5151547
0 1623 7079 7085 754163917
1 8 3895 3896
3 3673
2 6 3435 3448
1 6 3434 3442
0 8 3875 3879 101379909
0 3 2785 2785 -4948675
2 1 888 903
2 1896 7644 7714
0 1121 9420 9445 189563562
3 8768
3 2579
1 7 3683 3696
2 1 288 291
0 1690 5961 9757 -491390992
2 3 2357 2387
0 5 3347 3347 -215499972
0 1 508 513 -226295254
2 9 4016 4025
3 5484
2 7 3665 3673
3 8160
1 3 2514 2518
3 9758
2 3 2997 2997
1 8 3945 3948
3 4975
0 5 3285 3293 -285570838
2 3 2395 2397
1 2 1329 1343
0 6 3466 3484 242948164
3 8389
3 8339
2 2 1404 1405
0 2 1870 1967 -122488863
1 3 3000 3000
0 1 893 899 -235712864
2 3 2481 2487
1 1399 7916 8009
0 3 2072 2975 822803824
0 2 1536 1852 662002129
1 3 2818 2824
0 2 1582 1610 348957476
1 2 1812 1815
3 6758
2 1 362 367
2 6 3562 3569
0 4 3086 3093 -697155874
3 9552
2 1 480 493
0 10 4231 4379 -605978598
3 6415
1 2 1731 1743
3 7638
3 1308
1 1 175 198
1 5 3378 3396
2 7 3679 3682
0 1 459 462 448859241
0 2 1053 1060 -69576410
1 10 4334 4345
1 2 1384 1386
1 2 1828 1836
3 6459
3 9279
1 4 3073 3075
3 8383
3 8817
3 2409
1 2 1660 1663
3 3604
1 8 3984 3987
2 11 4752 4777
0 3 2709 2714 75661456
0 2 1655 1714 775643545
2 3 2935 2949
0 2 1330 1911 64824162
3 7128
3 8940
2 2 1846 1909
2 3 2764 2993
3 5241
1 9 4447 4447
3 9788
0 3 2142 2228 475457851
0 5 3259 3274 222214713
1 3 2011 2105
2 3 2664 2953
2 1 874 880
1 1 331 339
3 8532
2 4 3088 3137
0 3 2006 2077 220563008
1 1797 9284 9286
3 9676
1 1 924 933
2 5 3347 3349
0 324 8126 8134 -482221151
1 1 869 873
1 7 3623 3629
2 2 1652 1660
1 6 3589 3595
1 6 3540 3544
2 2 1599 1601
2 2 1747 1754
2 5 3240 3247
1 14 4660 4703
3 1813
2 2 1923 1933
2 8 3832 3910
1 1 651 658
2 3 2379 2383
1 14 4770 4931
1 1 739 744
2 3 2422 2426
1 3 2917 2919
3 6415
0 3 2353 2361 322432784
2 3 2779 2786
1 3 2848 2991
0 3 2278 2281 83008191
3 7088
0 3 2044 2086 496195271
2 1 86 87
0 5 3296 3308 737364315
0 9 4077 4083 -204734701
3 6101
0 4 3131 3148 -502780493
3 2799
3 821
1 3 2177 2181
3 5261
0 1181 6631 6639 314084272
3 3074
2 2 1582 1587
1 3 2113 2115
0 7 3756 3763 -301478325
1 3 2174 2179
0 1 428 642 -235419452
3 4345
3 7408
2 10 4113 4410
1 10 4489 4492
1 1 361 365
3 300
2 2 1277 1287
3 737
3 2982
2 7 3786 3786
0 2 1082 1106 -302276818
1 2 1836 1843
2 2 1794 1796
1 3 2521 2524
3 2972
0 1 983 999 -362699226
2 603 8273 9147
3 8518
2 3 2308 2311
2 1 292 350
3 4174
1 9 4494 4500
3 2876
3 5234
1 1 382 392
0 7 3601 3609 -100878518
1 543 5250 5292
3 9731
3 8280
3 3333
3 5216
3 8037
1 1 833 833
1 1 310 334
1 3 2077 2083
3 1760
1 6 3538 3550
2 2 1643 1670
1 3 2197 2200
2 3 2617 2621
3 2178
3 9276
1 6 3587 3594
3 8778
2 4 3008 3009
1 1 890 941
2 3 2561 2569
1 904 9364 9718
2 2 1106 1115
3 5311
2 3 2100 2503
2 3 2129 2474
1 4 3158 3164
2 2 1233 1256
0 1934 9116 9670 -204818985
2 2 1561 1649
0 12 4792 4792 42569293
2 6 3451 3477
3 6699
1 3 2229 2233
2 1 170 178
1 1 175 182
0 1 644 649 -631304934
0 1 789 852 385790850
0 5 3342 3343 151820991
2 182 5231 9831
0 2 1191 1207 -112303811
0 1 962 969 42969577
1 5 3250 3254
1 2 1414 1415
0 3 2572 2579 -407779983
0 2 1625 1653 384669690
0 1 889 937 -504610395
2 1 542 557
1 1 952 985
1 3 2916 2993
2 1813 7211 7211
0 2 1818 1837 -723489357
3 9208
2 3 2480 2554
2 2 1822 1823
3 3598
3 5732
0 3 2228 2236 -15892168
3 1897
2 8 3805 3834
1 3 2930 2983
1 3 2886 2906
2 1237 7133 7139
3 1334
2 8 3890 3983
1 4 3122 3124
0 1 173 174 132235966
3 8312
1 2 1841 1849
2 8 3891 3920
2 1 513 525
2 1 150 205
2 240 9361 9509
2 319 6023 6030
0 3 2372 2381 601395352
2 2 1881 1892
3 8562
3 5855
0 8 3963 3971 206931815
2 7 3744 3744
0 2 1369 1379 351568540
2 1730 6498 6523
1 2 1792 1794
3 7268
3 5258
2 3 2616 2623
1 1 5 17
3 637
3 5268
1 4 3141 3150
3 2613
1 2 1605 1671
2 1 638 647
0 3 2575 2578 -188378250
2 3 2712 2789
3 7918
0 2 1344 1368 128833516
0 1 169 197 163279696
1 2 1562 1562
3 2633
0 2 1709 1714 268115985
1 2 1641 1641
2 1016 8266 8273
2 3 2691 2718
3 6807
2 2 1111 1118
3 1418
3 2783
2 2 1640 1711
1 1 804 813
0 2 1406 1411 381908595
3 8674
3 4415
0 3 2202 2202 -82177652
3 6691
3 9070
3 6782
0 1 190 199 -323490579
0 5 3318 3328 -123459421
2 2 1528 1529
0 2 1595 1601 -639271958
1 2 1624 1629
0 1 369 393 -431173387
3 4167
0 1 100 107 -291711105
2 1681 8852 9676
1 9 4473 4495
3 2145
2 3 2129 2132
1 1337 8745 9713
1 5 3298 3321
3 5373
2 7 3706 3715
2 1 984 990
1 1 538 547
2 2 1887 1893
2 2 1414 1418
0 7 3653 3737 432046040
3 5913
3 2488
1 2 1381 1390
2 3 2454 2460
1 4 3010 3016
1 1 92 424
3 7785
2 2 1373 1376
2 2 1156 1235
3 9027
1 2 1487 1494
2 8 3967 3975
2 5 3374 3375
0 14 4607 4607 174431556
1 2 1419 1428
0 6 3579 3587 -89061149
1 2 1667 1669
2 1979 9988 9989
2 1 132 318
2 8 3952 3954
2 5 3334 3342
3 890
2 3 2296 2304
3 8446
3 884
0 1 24 30 736185923
1 1 99 885
0 6 3589 3598 88509574
1 669 5516 5540
3 8513
1 3 2592 2596
2 3 2904 2918
3 1076
2 1 113 498
1 1 182 186
3 5412
1 1 853 873
2 2 1933 1958
0 4 3025 3076 -141724836
2 1 521 521
1 5 3281 3290
3 8544
3 5862
2 7 3716 3798
0 3 2017 2022 -797060748
1 1 630 634
2 3 2292 2298
2 10 4047 4055
1 1 734 765
0 2 1091 1093 435898191
2 1 133 479
0 2 1243 1250 -451078987
1 2 1712 1713
1 2 1456 1456
3 8634
1 6 3498 3535
0 3 2030 2051 498482195
2 1133 5398 5401
3 8184
2 12 4866 4872
2 3 2992 2995
0 4 3165 3167 -375555107
0 5 3253 3272 -773448946
3 19
1 7 3675 3682
2 3 2012 2942
1 2 1542 1545
2 2 1996 1999
0 1 329 332 36510601
1 3 2363 2378
2 2 1611 1617
3 7966
2 2 1285 1323
2 2 1292 1317
1 3 2850 2850
3 1046
3 5222
0 4 3056 3057 246432092
0 1 101 105 -189961096
1 4 3120 3123
1 8 3902 3904
3 8279
3 204
2 1 517 573
2 1 773 775
2 6 3593 3600
1 2 1485 1492
1 6 3446 3464
3 4816
0 1819 6371 6373 456330558
2 5 3335 3344
2 4 3148 3151
3 8724
2 2 1177 1186
0 1956 6688 6695 16828188
3 7992
1 6 3412 3415
1 5 3296 3298
3 4482
0 1 45 51 171526750
1 3 2283 2309
1 3 2341 2349
2 2 1991 2000
2 6 3447 3518
0 4 3125 3129 249859113
3 4500
0 1 716 723 -38648199
0 7 3757 3764 119766246
1 1 291 298
2 2 1954 1959
2 5 3300 3300
0 2 1149 1156 78873960
1 1 890 891
0 3 2879 2881 -216930797
1 2 1828 1834
1 8 3886 3889
3 3703
0 1543 8219 8225 810065218
0 1 936 945 64322572
1 2 1411 1423
0 7 3635 3636 -297444417
3 8940
2 4 3122 3122
2 1 505 505
0 6 3513 3555 -60091522
3 1221
3 1041
3 6331
0 14 4971 4975 76561237
3 9172
0 2 1927 1935 7371212
1 3 2790 2794
3 8636
3 6399
1 4 3179 3184
0 7 3630 3631 353556923
1 1433 5805 5827
1 1 564 663
1 3 2957 2962
3 5049
3 8879
0 3 2466 2496 -660261942
0 2 1489 1694 236702693
0 1 13 31 681417580
1 1 325 333
0 5 3290 3310 428501868
0 3 2222 2239 -569218208
1 3 2668 2672
0 3 2245 2283 -137051675
2 2 1543 1552
0 2 1633 1642 -84931649
2 2 1139 1151
3 945
1 2 1130 1133
2 3 2146 2147
1 3 2215 2912
1 1 443 445
3 4544
1 1 768 768
0 5 3375 3384 421576463
2 2 1096 1105
1 11 4847 4851
2 1 901 907
3 9287
0 2 1788 1796 155162739
2 5 3217 3228
2 2 1791 1792
1 1 353 444
3 8785
0 8 3884 3887 107421603
1 3 2989 2993
0 3 2386 2387 46449339
3 3228
0 12 4698 4698 354958585
3 9567
3 3549
0 1 66 82 851902708
0 3 2808 2809 -694568242
2 3 2079 2079
3 2588
3 6073
3 7161
2 8 3974 3974
3 8679
1 6 3596 3597
0 7 3795 3796 -258478227
1 6 3447 3456
0 752 8856 8929 33235171
3 3964
0 5 3275 3281 -97942876
0 495 9466 9488 -135979079
1 2 1232 1236
1 1 862 869
0 6 3467 3474 532086826
1 3 2468 2470
0 1 149 154 -376618704
0 3 2060 2067 -4391433
1 8 3929 3948
3 7637
2 8 3929 3933
1 5 3297 3298
2 4 3047 3052
0 4 3180 3181 -166733058
2 1 141 732
3 6069
2 1 337 339
0 1619 6346 6350 -108145161
1 4 3116 3144
0 1 628 637 25066760
2 1116 8008 8016
1 2 1834 1849
3 91
1 3 2115 2121
0 3 2038 2044 -53696952
3 9962
3 5185
1 2 1488 1502
2 2 1749 1758
2 3 2741 2836
0 4 3123 3138 -325588980
2 3 2839 2848
0 3 2177 2184 -385267295
3 8503
0 1 899 905 -332234289
1 5 3323 3395
3 8742
2 2 1927 1935
2 2 1485 1488
1 6 3512 3554
3 2927
3 5012
2 2 1299 1304
0 1 614 616 27273955
0 8 3893 3922 215059330
0 10 4110 4112 81342502
0 3 2338 2347 -762698721
0 4 3154 3161 -894940897
2 1 72 77
1 7 3736 3784
2 9 4169 4174
0 2 1436 1436 -36322996
1 2 1209 1214
1 1 639 644
2 5 3284 3289
0 3 2137 2143 396419745
1 1 622 631
2 5 3260 3270
0 4 3102 3107 -19160381
2 2 1242 1255
3 2642
0 2 1895 1899 563232117
3 7988
3 7272
2 1 977 979
2 1393 9228 9642
0 5 3361 3364 -78452355
1 7 3789 3797
1 2 1288 1292
2 1 62 63
1 5 3395 3397
1 4 3173 3176
2 2 1489 1491
3 4781
3 4573
0 2 1988 1990 -459851180
2 2 1265 1270
0 3 2984 2992 81878466
3 9586
2 6 3452 3456
2 2 1442 1449
1 2 1618 1620
3 9352
1 1 858 864
0 1931 6129 6157 621754277
2 3 2871 2880
0 10 4099 4124 114522916
1 2 1650 1655
1 3 2981 2990
2 1 88 90
1 1 430 438
2 3 2507 2509
1 1 189 200
3 843
0 4 3020 3034 260539496
3 6868
0 2 1022 1047 389209529
1 2 1894 1899
2 3 2162 2169
3 3290
3 3878
1 3 2839 2847
0 3 2016 2016 -12347800
2 5 3247 3249
0 2 1363 1985 -213729561
2 1 618 619
1 7 3715 3727
3 8928
3 2276
3 2284
2 6 3598 3600
1 4 3017 3017
0 3 2893 2902 172215441
0 1 734 744 -389720840
2 5 3313 3337
0 2 1893 1918 -345473451
1 15 4659 4666
3 9427
0 3 2761 2766 -195714319
0 2 1308 1314 -353195066
0 10 4476 4486 672684890
0 1 811 820 357472798
1 4 3073 3080
1 3 2341 2401
1 2 1284 1289
3 1044
0 1 933 933 63300489
0 13 4908 4928 160964763
0 394 8557 8564 701578901
3 301
0 1 719 728 -325550439
2 3 2487 2492
3 2364
3 1932
2 6 3554 3563
1 6 3455 3525
3 6000
2 2 1137 1140
1 2 1353 1359
2 1141 5674 7217
2 5 3248 3255
2 6 3427 3440
2 2 1333 1336
3 6723
1 2 1639 1658
3 5474
1 3 2991 2999
0 1 373 375 -233682024
3 5998
3 2867
1 2 1706 1706
3 9757
3 8210
2 2 1455 1455
3 2377
2 3 2568 2574
1 1 570 575
2 1 505 510
0 2 1308 1315 694586418
0 1 137 144 -173771625
1 1 100 880
2 1 342 347
2 1419 5292 5295
0 12 4709 4711 -229242581
0 3 2801 2813 -446122419
2 2 1690 1699
2 3 2885 2893
3 2831
3 738
1 2 1363 1372
3 8167
0 3 2386 2387 -127780041
3 9493
2 2 1460 1586
2 8 3905 3910
3 9725
0 2 1853 1857 -104599583
3 3699
0 2 1774 1779 439553170
0 1 132 148 21398239
1 5 3349 3392
1 3 2901 2908
1 1 977 996
0 3 2625 2625 74640925
1 5 3369 3369
0 3 2096 2124 598448356
3 8326
2 1 59 65
2 3 2027 2036
2 3 2094 2101
1 1 586 719
0 2 1386 1417 373059650
0 1 250 299 -186572632
0 2 1108 1143 -614432703
1 3 2074 2099
2 1 798 862
2 1316 8969 9058
2 5 3327 3334
0 2 1743 1750 -459511186
0 6 3425 3427 -513202265
3 2886
3 1798
0 3 2625 2651 -465494596
2 8 3877 3901
3 7341
1 2 1079 1082
3 959
3 3003
3 5748
