4999 108 321
1011 4468
1011 2838
2838 4309
4309 304
1011 1428
304 2417
304 1431
1011 4474
1428 1748
4468 4860
4474 881
4468 366
1431 2337
304 1713
4860 1158
1158 761
4474 412
304 1878
4309 1042
4309 1249
1748 2092
1042 1671
1713 1470
4468 1230
412 2534
4468 2994
1011 3015
1470 663
1158 3022
1249 2954
1011 3624
4468 4464
761 4047
1230 4608
4860 4655
1748 1898
3624 1097
2534 4442
2994 4867
2838 3981
1097 3263
4468 3932
3624 3584
2994 3715
1898 3138
1748 2622
1671 3876
2534 4482
1428 763
4867 541
2994 4301
541 4395
663 295
3981 70
1431 2398
541 534
4608 2026
881 4011
2026 3561
541 4870
295 3191
4047 991
4655 563
1230 2543
1097 4437
4011 727
663 2375
412 2479
1249 4433
4867 4961
304 1092
4464 4296
1898 556
761 1057
1097 2917
4474 3303
3981 1299
1713 2274
2417 2431
991 1779
3981 1638
4867 3596
2398 4104
881 2980
3303 1625
1092 2788
991 2793
2274 269
1470 4935
1249 2177
556 4570
2917 4381
3303 3858
2994 807
1011 4448
4860 4549
1748 985
2994 2640
563 684
2337 4748
4870 2145
4011 4642
1898 686
4437 1978
2543 2710
4482 39
2337 2933
1431 3923
4433 1600
761 2042
2788 3220
2954 2904
2274 2572
2994 4747
4309 2414
4395 388
4474 2190
1671 3726
4642 2636
4748 2786
70 1356
3715 3073
70 4575
70 1111
4870 2486
1249 4984
1779 4329
2793 3572
2788 3083
4464 124
304 4062
3923 263
2145 2003
2786 1812
2572 1938
4433 11
3596 2063
4309 2176
2190 2514
1299 2279
3083 4059
2994 1077
556 3413
269 3
2933 3578
4860 1994
3022 2183
2026 3233
985 4401
4401 4550
3191 410
2003 3949
2980 2566
3 3627
4867 1365
3578 920
1356 4989
410 2923
3572 4857
2543 2157
3413 1710
2486 4292
1230 3753
2063 3936
4301 2127
4104 3871
1748 88
1600 4629
1097 2889
3073 344
4550 4313
2092 1354
807 3566
1748 3813
1431 1157
3413 3046
269 143
3046 4827
2514 2608
4464 3421
920 2899
761 2905
3263 3388
2177 1446
4011 250
1157 3028
410 4500
2398 1603
2786 3966
2904 2107
807 1838
4309 3316
1898 359
2980 3613
1092 2133
2176 336
2566 4497
1812 1921
4395 915
1671 1121
2177 1820
2788 4079
3613 2879
3046 833
1121 623
3949 981
4860 2582
4857 4414
2889 3888
2176 4682
2994 3494
124 1633
3303 4029
3413 4278
3561 3979
3627 980
1299 2079
3421 4010
4296 2361
3 1049
4301 4121
2486 301
1121 1184
4437 4843
3220 2156
3561 3695
4682 3164
124 2811
4313 2583
663 3105
3949 3293
2375 3679
981 1422
915 1629
4309 4357
3028 3860
4935 4462
2543 3665
4629 1580
1629 2136
3233 3420
2431 1914
981 3953
4357 3469
3494 4311
1011 3863
1921 4471
3469 3538
1629 181
3538 4362
807 229
3860 805
980 3855
4462 4637
2375 2926
1365 4745
2176 4321
1898 4980
4989 2242
1898 130
1713 406
1428 4492
3538 1695
1354 2208
985 4680
2994 2110
4121 4018
2479 2181
2208 4646
2242 3531
4301 4430
541 2376
2899 2225
4857 1689
3191 4621
915 3145
4827 2813
1077 1485
4313 4994
412 3917
3936 3431
727 1074
1042 2944
1921 3179
541 2586
980 4525
1710 3678
1157 905
2177 4418
88 1238
920 3514
2566 87
3627 111
4642 1126
1629 973
2788 1915
534 1053
3871 1059
87 2975
1779 2707
3420 4639
563 1136
1126 3602
3164 769
3602 2028
4321 804
1238 703
4980 2473
1580 4976
4464 2652
4418 4694
1629 1416
2398 1277
1157 4101
3624 379
1603 3736
3949 4092
379 314
1184 3911
2923 792
4629 4120
388 1044
663 4957
1914 4614
1638 4316
915 2544
3494 125
3860 3427
3602 3068
3888 986
1978 3555
663 1043
1603 3811
4655 3491
3917 1933
3572 4956
4329 903
541 240
3179 334
2899 2547
833 3980
4433 4463
2710 4571
4637 3704
3083 1457
2710 873
2110 4528
295 2757
2813 1117
1812 3550
4745 657
2063 2313
2183 4347
1074 4940
1299 3408
3932 931
3531 4511
1043 4436
4018 928
4646 81
3981 577
3220 4520
4571 1493
4827 2611
2157 4932
2042 951
1915 1556
4571 4356
985 210
4311 1002
359 4251
4747 2882
2145 4939
314 3751
792 4599
2757 4291
4680 3988
2811 3558
4430 3155
985 3952
3046 1386
727 2429
981 216
1077 3197
4984 2746
366 2520
2586 1329
833 547
1470 793
727 4852
4442 3384
2572 1229
2190 4403
1111 3082
1629 4671
686 4358
4442 2416
4599 2810
3550 3307
4079 1376
3932 3608
3695 2054
4430 2273
4120 1022
229 4577
4029 73
2514 4175
2003 2804
2107 4339
1043 1700
792 4865
905 952
4329 118
2586 3941
3197 4295
2622 417
2534 3960
928 4921
1470 3383
3558 2192
1878 4302
250 2419
2190 1837
2786 2030
3316 4060
4010 667
2337 3900
1938 4754
4278 4698
4940 2563
3316 1293
3538 4337
111 4907
2107 4109
2917 1369
4462 2447
143 758
216 3359
1695 1471
3558 2540
1994 1756
4313 3906
3900 57
240 2468
2192 4115
2447 4799
4870 958
4060 3486
4381 177
3068 4058
881 1218
2417 4516
3164 794
4698 3120
1230 4148
3028 4147
130 4602
2429 489
4940 2097
2514 3058
4433 266
4251 1531
2133 1211
359 1509
4414 3076
4639 332
1713 4756
4571 4930
2520 1840
1249 1880
920 457
985 2742
4292 1170
663 4456
727 422
2097 3007
3155 311
2414 771
2192 1747
4329 2556
3811 2331
2980 2881
4932 3121
873 3841
181 4088
1695 1264
958 1116
3220 2288
4745 377
87 1886
4655 349
266 1641
4549 3713
39 2837
2544 3132
4311 1168
4608 2457
4356 3505
1748 4819
833 1786
4655 317
2416 982
3514 3723
1786 4718
2640 109
3753 580
181 4306
2417 4445
4694 3389
4528 2061
4994 3640
769 194
4500 950
4433 2961
4295 4715
4930 4502
4291 3741
4121 1062
3233 2764
958 1131
3695 2385
3640 3569
3723 3349
667 4344
2225 371
2566 491
3860 4135
2414 1521
125 4026
2757 1281
3 2138
4291 2696
457 3999
3960 1402
4827 4739
3988 4784
2468 2790
4682 1848
1470 1322
2788 2892
2176 2668
4306 4226
2026 2261
805 1027
4867 313
3420 1081
4011 4808
1057 2245
410 4164
4464 1902
4337 3894
1238 4250
1277 4529
2486 1708
3627 2605
563 2806
3566 2911
3860 3187
1521 4875
2486 1410
4029 1254
1756 2418
1779 1788
4464 138
1136 2068
1428 4800
3900 2427
1886 4093
547 1377
2107 2475
4104 3128
2133 976
4047 3471
3569 934
2534 3289
931 1035
4860 1506
2457 3836
3413 4225
1902 2441
4329 967
3836 2326
623 449
686 3395
1509 3916
2806 3968
3073 2216
4471 1745
534 4443
967 2744
379 4476
1254 3787
4748 3232
3980 2901
4302 466
4497 35
4819 2492
4296 4232
4337 2532
1603 4192
3058 3604
263 1223
3665 1888
3058 3280
3569 64
2030 2776
2429 908
2419 1204
1074 2316
2954 1644
2806 3214
2176 1770
2068 1988
4980 1742
301 4609
3427 2570
2980 2800
4418 2874
2838 2607
3138 4553
2961 2960
1786 299
2026 2644
3608 1221
349 1052
985 4936
1431 4163
3695 1185
3726 3554
3949 702
377 2888
2611 2679
2980 4988
1470 3424
3179 859
1410 4831
952 2287
2417 1797
4135 2812
4309 146
2607 2039
4121 1343
4715 4066
111 199
377 133
118 2456
3713 1597
406 2271
2475 4729
1035 3265
4337 2735
2520 4721
317 2775
2416 636
4694 4465
1049 3515
3602 4151
3836 4543
2068 764
4500 1205
4062 3701
2775 1213
2514 4038
2416 183
3723 4934
1933 3846
951 437
1042 1738
39 606
1431 3817
3715 1832
3015 558
1457 283
1779 1616
4356 4924
2431 2495
1081 2254
1471 4617
4147 2803
199 4324
3179 3435
2441 704
3083 3845
4637 1769
1880 2223
805 1336
1422 3417
4120 3619
547 481
2427 4751
4278 3292
3471 1260
3420 4979
2994 3326
2479 22
763 1314
908 2320
4549 945
4092 186
3046 2249
3197 3914
2468 231
934 4856
3413 4766
4430 3473
2520 1307
2418 114
1888 3100
4528 1966
4433 4770
792 3194
934 3548
3263 1703
2316 261
4358 943
133 569
1915 4398
2416 3369
3388 2001
2961 2477
4718 711
4939 256
4994 2167
4671 1036
1249 4723
763 3830
1264 4078
1204 1956
4682 1635
3640 1778
928 4487
950 3796
3858 89
4302 4461
2110 3407
606 3127
3665 3224
3127 4649
973 2963
457 3861
1204 4566
1213 3977
3860 2272
4066 2574
833 823
2607 941
1902 4505
2447 1868
2954 4556
3187 4182
2775 4507
2042 2925
4291 121
2054 1673
39 4613
905 325
4121 203
4747 3182
1057 1287
3214 249
903 2140
4418 3020
2636 1461
4602 850
1057 2065
2926 482
256 809
4852 814
449 2285
3280 4805
4671 4944
4468 1872
4860 1507
481 454
2068 2863
4101 4354
299 4960
1168 4828
3704 2897
143 1119
332 2945
3988 1611
804 2822
87 1910
1461 3786
981 4140
229 1349
2945 2445
3369 324
2838 4883
2181 212
2320 1969
967 3271
125 4372
3233 4044
952 680
3105 4559
4602 1822
4476 1302
3900 389
4060 2595
3846 1060
3861 3451
125 78
4516 570
2804 1451
3292 1774
4799 3327
3988 1179
1057 4877
1097 1805
4182 874
4448 4897
482 1167
4525 1424
2793 4732
2145 3532
1077 3882
4867 4982
35 4315
2177 2826
663 2610
4026 394
2039 276
3753 4211
3532 2093
2273 4
771 502
4808 3139
952 1846
2764 784
823 2257
4747 4837
2473 3304
1820 50
2271 4074
2954 1443
4800 885
1837 446
764 2861
1769 849
4956 601
4655 4410
3554 2549
4553 1297
4115 815
317 2561
3233 4314
4566 1568
807 524
2495 2791
1700 4521
636 3591
2561 4638
3715 297
547 1893
344 4484
2337 3443
3584 3428
881 2736
3531 3125
1878 1269
2917 4580
4748 766
3435 2453
4639 2390
3917 2659
3979 2639
4577 4733
1568 3161
1921 700
2279 1155
2744 4888
4961 4473
794 3009
4718 1973
1077 4342
3949 268
4956 1722
3561 474
915 2094
4932 1253
1204 247
2822 333
4549 2154
4463 1550
2707 4817
1493 820
2445 3130
1297 331
2398 4204
636 4829
4808 3438
2899 2689
4292 16
2320 365
1422 390
1805 796
3960 3967
3836 2235
3713 2075
2030 4931
2140 3178
2477 3330
4940 2705
4092 886
1322 4510
481 369
4609 218
3438 3600
3751 4616
3369 917
850 662
1457 1472
3191 2972
1211 2982
231 977
1204 4598
4621 913
4639 2066
3786 464
2390 3508
1837 1927
1336 3071
3289 4952
2813 4364
4629 3549
849 4239
1336 1941
2793 4470
1329 112
3841 930
266 2713
2972 423
2417 4568
1832 2203
2960 1924
1840 156
973 4895
4960 3507
2331 3835
1002 2573
917 1733
2735 3111
3420 2241
3602 4841
2418 2391
3882 1982
324 4606
2177 444
3578 3258
4211 2455
336 2489
1377 3310
249 2408
1424 2161
3507 2880
1902 645
297 4916
333 2545
3197 2688
3584 4711
2287 4879
4093 788
2905 1047
3307 385
2140 1682
3424 145
2689 754
4372 2500
4018 4523
3861 685
4461 2946
112 1274
2431 4922
1633 2050
3917 1144
4354 1453
4182 391
2492 530
2241 4053
1805 1219
1053 4804
2050 624
1446 3099
1451 1854
850 4910
2570 819
194 3426
2811 722
412 2420
3424 2315
3359 4913
114 1191
261 3905
3549 4405
3558 2008
1603 4909
4442 368
4078 2164
183 2851
4867 1270
606 4531
256 914
385 4024
3197 818
2181 650
4175 413
1973 1843
1638 3725
4961 3433
3863 4853
3197 302
4163 17
2156 4630
4924 370
1270 3739
4291 3503
4711 4185
35 3288
4066 3173
4609 2029
4875 2233
1365 4199
502 3273
118 1572
4078 2698
2961 646
3549 4146
3316 3874
203 2422
1713 3285
1507 844
2905 4421
4870 640
3288 2459
4843 2349
4556 473
2851 4207
4609 1004
454 2801
1410 2005
4120 3542
3966 790
685 4068
2793 4455
2050 2852
754 102
4784 4371
2390 2200
4575 4431
4819 3707
2595 405
114 3343
1446 935
4093 561
4314 629
2545 2702
2414 384
874 4591
2337 3135
1229 205
4026 817
2457 341
3132 4738
4629 3158
2776 4222
1036 4336
3491 1584
1270 4083
769 1606
2556 4530
1131 327
366 3385
341 3223
2572 1342
2054 2496
1443 4399
4462 426
4913 2635
1769 34
1644 4475
4932 4869
980 275
2349 1890
2279 1934
4471 403
1580 3092
4808 781
2889 655
3068 2878
4120 1292
4044 13
1898 2188
3538 107
4609 3857
2851 4969
1116 3003
1314 546
3936 4871
261 2606
1144 2114
3385 3607
3999 2947
2698 4057
4960 4153
1049 4054
4808 1492
1299 1332
3981 3149
2622 1438
35 1005
256 4524
3725 4179
313 2374
89 1596
1446 3112
1314 2965
2547 1415
2285 2056
2705 1171
650 811
4060 4090
1230 1054
4140 357
3713 2814
1043 2957
269 3804
1832 1646
457 2503
2005 3059
4909 3788
3596 3805
4414 1645
81 2809
4302 58
849 4706
2570 4576
1700 1149
199 414
2008 4503
4487 3592
3977 3374
1805 3547
3715 1242
1778 1316
4057 3646
662 1674
3145 3078
3900 957
2644 3983
3602 1150
231 1406
2746 3392
35 1907
2944 4978
1868 3213
2960 1134
3349 1706
680 1518
3855 1285
2477 2658
4487 3399
4476 1845
1043 2936
3263 3902
4723 3556
1184 513
2679 2843
4931 4305
4715 887
513 4288
2710 3255
2735 3746
3258 4832
4358 2460
388 4176
3746 723
4808 3177
1769 3429
1673 687
2245 566
4524 721
394 3712
4639 4859
3936 510
819 3206
1376 4198
4639 2399
1872 3294
1748 4792
4982 2842
1027 3249
1036 55
1377 2847
4630 4406
3591 2106
4649 554
2812 4298
2813 1244
807 3402
1415 1007
2114 904
2744 4479
819 3784
4399 1355
4291 4587
3224 1904
2398 4992
1356 2345
391 4428
2838 599
1988 2913
2606 1403
1057 1210
4456 3287
1924 3242
2408 883
2812 3054
4969 4873
216 4006
3433 1720
2793 1103
967 3838
2326 4561
2245 1850
722 668
4507 214
1779 3634
143 3689
1052 4811
3359 782
317 854
794 2576
3554 4444
2028 1311
4058 2737
4207 3605
3265 1724
3486 1317
2880 2053
2736 1159
3206 4926
2644 4794
2110 3519
2486 627
4859 1017
3431 3455
4421 3958
3841 4130
4364 615
4721 93
4520 461
3105 884
1424 316
4470 195
1242 4554
4464 3077
4058 2350
3988 3660
3223 2862
4575 2538
4860 4392
1453 956
687 875
1843 2194
558 1003
886 3358
4921 4691
4463 3901
3127 863
4869 1765
711 3597
4302 1901
4770 1029
1644 919
4079 322
859 1433
414 1162
4576 1587
4313 4974
268 592
263 3095
457 395
199 159
1674 62
4921 789
883 2531
3988 1284
4500 153
3784 4894
885 4517
833 551
1722 1668
4711 2515
4250 1911
324 2048
413 3879
3054 80
2975 4319
4907 4845
1422 2827
247 1578
3127 1657
4694 1749
4682 526
1470 4618
1451 1537
551 99
4960 572
1890 701
884 3717
2803 2485
3968 3642
4804 3272
2315 2816
3906 649
1171 4220
534 3853
13 1217
2608 1732
4295 4583
3857 3840
3220 2317
1162 4379
2520 3540
556 3201
1778 2454
1269 101
1293 3593
4571 1501
311 4722
4894 453
1316 1767
1673 2172
4935 3732
3746 3021
3845 74
2800 4544
2863 4420
4979 1378
3071 2525
3285 2919
295 892
2075 2857
1868 3098
1506 3934
4932 3912
4805 4812
2737 4933
1901 3606
4926 4990
3845 3222
2473 767
1724 4644
2975 3652
2028 2860
3015 509
3584 1715
444 4252
2515 4231
1933 3767
4566 4950
457 2910
2563 2412
4444 1617
3836 2915
4521 3904
815 3462
1673 4169
2566 128
892 3708
203 3828
1213 2052
3427 3075
657 4174
385 1298
4614 3391
2652 2896
3138 776
2414 1520
4856 4326
2954 3251
214 3029
2842 4485
2350 2421
967 4367
481 63
3451 3798
3292 2998
1205 4679
4637 1101
784 259
3679 4864
121 3210
1769 2197
3273 3308
3725 693
2271 2858
3272 3350
2563 2394
700 3570
1673 255
1738 2518
4321 562
1101 2283
3570 239
2639 4217
333 3264
3704 940
4711 4152
1017 1233
1191 396
3514 963
1343 715
2066 4501
3427 2173
301 939
4232 3364
1531 4540
1941 681
410 2997
2793 2120
3767 2466
3426 1256
3981 1723
327 120
1011 3123
112 4919
1376 1758
2418 1963
4873 4632
1786 2529
788 1359
449 4851
3408 4740
913 1294
4516 33
3128 4677
931 2661
410 753
4922 2770
2561 4132
3608 2307
1941 1364
2975 2268
4278 2139
1438 1023
2816 851
3578 3205
70 45
74 3763
667 4028
1314 2493
4976 3577
1722 2681
64 450
1238 2642
3566 3248
1745 4508
4614 3758
510 1908
1443 3146
763 1502
2486 4749
4517 1385
4732 2664
4740 633
4399 666
4992 1863
2192 4656
2545 4816
4192 4320
4766 1225
4770 3579
977 4181
314 221
2698 853
2457 2368
1406 387
1002 1112
2496 4665
3427 4496
3914 1383
2500 3963
4644 2387
1254 110
1230 1968
39 3938
3359 1247
1978 4171
4520 4334
269 2471
3399 697
3421 3425
1765 2931
1077 2927
4817 465
904 2355
4321 4150
818 760
1332 3582
4577 2076
3863 1198
873 4177
3758 3850
629 3922
662 3352
4817 1892
3817 126
915 2948
3817 1993
130 4904
3431 998
22 2302
1446 4139
2039 1353
615 4886
2066 3696
2216 2768
3178 3406
2076 1953
3758 2446
3054 1178
645 1335
2786 1592
1438 4166
391 2624
4865 2585
3421 3822
2965 3721
64 3976
1710 3488
666 1676
1902 1296
2863 3067
1556 1801
4399 4341
2622 1310
2495 3623
1047 4759
991 4196
2203 4776
2092 3062
3949 1246
4936 2443
3701 1486
2534 2612
4502 4490
2801 1692
3 621
1316 1006
1342 4902
2668 490
221 3969
563 3144
2418 1869
3059 969
4507 1929
183 4842
754 4415
2668 3910
2899 4586
3469 4495
4665 1728
3624 2380
1416 791
4444 962
963 4118
4500 1177
3547 2548
1242 224
2285 1783
4904 2439
4857 2682
985 1726
4897 3631
2905 3043
2050 4764
2387 2666
3723 257
3613 2144
2326 4734
2811 2541
239 476
3569 801
624 3775
3391 1447
4529 4662
4171 2871
63 4744
2225 3699
2093 994
3310 1917
818 2142
963 202
1211 2841
4864 1345
4251 1085
255 2282
4630 72
3294 4596
4939 2750
2194 2428
3388 3093
2050 1614
2114 289
2515 3975
908 1208
2279 2553
784 1197
2140 4327
2233 4728
2945 1309
457 2119
370 1866
2635 4858
3120 2973
1284 2890
4662 3006
781 4441
1812 1996
3293 2213
4930 2303
3177 2839
4121 4014
561 4129
4808 1248
1501 4178
1600 1858
2899 1690
3471 1426
2445 3175
4817 1621
2181 1279
1134 4440
1403 3939
2901 3332
1029 1688
4354 837
2960 115
4174 1750
63 3199
2317 2103
1052 337
2572 3867
4060 421
1924 1955
2960 4481
2133 4189
4473 4435
1822 258
1027 4265
4171 3599
513 2389
3214 137
1689 2252
3249 3832
2851 3257
1007 3670
3388 4771
3901 2269
624 2844
3443 1227
3292 531
4521 4261
4474 3943
4344 1661
2268 3950
1296 4563
1750 2034
805 2469
2801 38
4662 936
3251 1940
3713 3167
4979 4905
4739 271
1101 4664
904 2364
4326 4823
4406 184
3914 2318
4680 585
370 2226
4851 3188
3604 3040
2192 1261
275 2344
4934 3192
476 2122
723 707
3634 171
1629 1192
3146 4724
1149 4584
3853 1435
3555 2134
1011 984
1246 3684
4960 2205
3287 2850
4239 4203
1886 253
3028 2277
1600 567
4445 4493
681 3418
2736 2465
461 3066
3804 2596
1502 2108
17 4228
4492 855
2874 4928
4698 4509
4864 463
977 1143
4544 3156
2746 20
324 2330
3811 1073
3428 2290
2644 1876
412 2260
2975 24
4936 1375
2713 4854
4319 1030
4979 3875
3934 1687
3540 3370
4079 2224
3838 4279
1625 1196
2245 2987
266 4791
1177 2940
2919 2377
1111 3870
1968 2999
2911 1513
2429 4844
3099 1967
3983 1962
3213 361
3213 4562
4292 2256
4381 1393
2788 4769
1030 1859
784 164
1332 1781
183 4641
4715 4128
792 1050
4305 832
2003 1387
1898 2912
4334 2939
4301 1931
3726 3737
2053 3016
3531 1427
3349 3573
792 1663
78 4003
4228 200
805 1278
1221 2663
2224 2007
3201 1163
621 342
2659 2232
3876 2832
3135 4149
1611 3394
3391 3883
1383 3887
2213 3956
1840 4394
3813 548
2235 989
3822 1091
4990 4692
3569 142
2837 2367
1765 2651
4575 2266
807 3305
4169 4165
3858 729
1493 902
2076 3810
4220 2324
685 2590
4770 4866
2418 2711
4185 3612
4418 2045
1840 743
2468 2125
2957 3576
4121 1950
2144 1358
3704 3414
2241 3005
4306 4946
3572 1494
1738 339
3021 3621
805 1480
137 1785
2471 2594
1179 4798
3787 2969
3327 3416
2257 3659
4531 1824
2167 79
1447 2784
1158 3994
853 1803
3083 4202
1057 732
3943 4983
1868 1361
3308 1694
1520 595
4602 2362
2355 1642
405 4560
4613 3622
88 3653
4854 3656
4314 1586
3832 3854
4859 1791
183 2591
681 1787
1556 3048
2975 2648
2750 77
4278 1714
3155 3171
939 3363
2468 2567
917 4197
2418 4967
4952 155
3191 1666
4093 2312
4228 1923
387 2369
115 1449
814 3779
1159 427
4759 3441
4575 2340
3424 3785
3265 3159
4844 1806
1316 614
4109 4224
1914 226
1353 3074
3591 2745
2987 4803
4171 3266
693 2301
2364 2625
1385 632
118 1456
554 1811
4524 1080
4115 735
707 3226
3222 3396
1750 1164
4062 3052
1950 710
4479 4427
1158 861
4497 866
391 328
342 842
4364 3793
3627 211
2574 4862
473 619
2176 4522
4641 3170
4568 4001
2972 4518
3707 399
2750 3297
577 2264
1700 4833
703 3824
62 1423
1003 4700
4823 2451
4596 3118
2640 2196
850 525
1745 3313
1311 409
4011 2620
4978 4619
2861 2808
2553 498
250 2537
4428 1697
820 3250
2315 2614
3966 937
4700 4070
2288 208
4745 2807
4465 568
701 1482
2226 4453
3071 4086
3285 141
1923 4457
4001 287
3950 600
4354 923
1355 4923
4509 330
1921 1711
186 3154
807 3818
1720 1960
4739 1942
199 4537
4715 3777
369 222
3431 678
2367 3371
3605 3045
3548 3356
4853 3638
3956 3520
2804 1303
4870 2425
2492 3500
1494 1120
2106 86
1845 3236
1506 653
729 999
4641 968
2770 1896
3177 400
2788 1514
2260 3633
1668 3256
2541 4735
2456 1099
4728 2130
2635 4260
863 4786
2681 2396
1077 2530
159 2929
735 2743
4435 4975
4853 2402
4960 4123
4135 484
2595 2342
2808 3354
314 1153
93 140
2809 175
1017 1133
3220 85
1311 4604
3832 2759
1163 3996
1335 2168
2223 4810
1383 3585
3596 3539
4315 1093
1537 2649
3326 4157
4544 3711
3285 1308
2591 779
3704 2650
2793 3034
722 3229
2142 4552
449 4782
2369 4896
3804 2038
4516 1796
4671 2991
1788 4030
4018 3372
3642 2533
4924 4701
4226 505
1711 2796
253 4594
4811 4626
4769 4365
855 3947
2235 3948
334 4191
1472 3571
4976 4876
1846 1098
3076 2854
4074 2218
3906 6
4735 2383
566 2175
3451 3839
4691 762
3293 242
3138 3481
1314 2739
4897 1536
2861 3553
3711 1137
3775 865
4392 2137
884 2866
2923 3026
3968 1019
1791 2869
3229 1413
2854 1084
2029 2815
3343 236
1848 4880
1506 3382
1150 1031
2788 4328
4296 2335
3817 647
212 496
3144 511
3223 3274
1149 4012
1706 825
1611 4757
945 2206
1843 18
3435 3680
4428 1252
1208 1340
4302 329
2814 1971
4029 424
18 2733
1116 586
3758 2228
1893 499
866 3495
2029 2032
2987 4948
62 4489
3095 532
2768 1716
1845 1678
4421 4119
913 3140
1416 2304
4580 2673
3966 3743
1157 1624
818 4661
920 1176
2707 1835
1968 3677
3307 4737
4677 698
511 497
4118 4245
4163 1527
1635 1815
2910 625
4171 3151
754 4426
4740 2504
2746 3124
4587 670
1092 2490
3711 1013
4608 1634
2376 1922
789 2502
2707 2300
2624 651
4313 4325
2811 4286
1520 1474
11 3321
1915 2627
3220 757
1848 2067
1179 4783
1185 504
2420 3615
4060 4697
2106 933
4150 3176
1812 4253
1197 4407
1410 972
39 4330
4571 4589
3364 1232
700 726
3263 2617
3901 3300
13 690
4804 4275
2008 3510
1349 3180
4174 3025
3726 2693
446 2415
2161 1475
3191 1215
3751 3957
1584 2872
933 3449
4811 1056
3428 1559
3983 282
4894 1849
2092 204
3503 4821
600 284
952 1392
1356 3807
546 996
62 688
2252 467
473 3982
3784 2325
3118 381
4392 596
2387 4451
4192 2783
623 4360
621 4332
2863 4213
680 609
4791 1089
3438 4793
2710 4021
4394 1228
4656 3012
4500 2135
790 96
2851 4031
4001 3962
1580 278
4296 3730
226 2942
977 4651
3273 882
3438 209
4902 4963
3067 1895
1910 2535
2032 2914
534 3626
2456 136
2417 1104
181 4369
2385 3243
4104 3662
2008 4466
4902 634
2707 3806
194 139
2933 4906
1812 1183
139 1998
1385 4034
934 4022
3250 2833
3976 3240
657 3053
2439 129
4178 1949
4952 1318
413 987
3248 708
1044 1683
1470 1792
1806 3583
3469 4581
289 1817
1835 2510
2345 265
3723 3122
1689 2517
4372 4666
2682 315
3689 4125
4651 4838
670 1760
3854 3630
1162 281
4629 1546
4286 14
3083 3047
2869 4605
1938 2163
2076 871
934 3750
2431 4730
4931 2121
2776 2555
2114 3275
3660 2760
1854 3119
4501 1841
505 691
1143 4270
3280 2758
1117 724
4011 4835
3388 3405
1410 127
1035 260
2039 1991
2441 545
545 3079
139 4752
4354 3477
481 4243
968 3338
1493 1263
1973 2212
2213 3270
4616 1436
4598 3400
693 947
2103 4483
4415 4105
4583 4331
1689 4914
3879 1327
2815 1727
3327 2393
2759 864
2266 1325
4497 3877
815 2129
4747 1188
600 3000
885 1808
4179 4284
2696 1833
2627 2528
4497 4720
3486 4595
3062 4402
3608 4925
4740 2782
427 3990
3191 2885
2582 3355
3159 1992
2607 2334
2456 1496
3584 824
3948 4985
1962 2118
2648 3189
3578 4409
703 4264
2369 4716
1845 3246
4530 238
2139 4633
3646 896
4880 2253
4904 752
1353 3237
3012 4244
3264 2794
4754 2267
1353 2609
2585 3880
1228 2613
4967 4450
2344 3632
453 3546
2556 1553
950 795
3424 1483
524 2646
2659 2480
3395 3868
1896 462
1733 3770
2707 3776
2646 4027
4074 2825
815 778
2054 3090
3264 3430
3429 1236
3488 3859
365 418
2114 2662
4919 2830
4442 3148
3495 350
4430 3013
2854 4136
3111 3685
3975 3464
3420 4863
962 2095
2260 1519
3853 1560
289 1619
1812 1679
461 105
1716 3819
4896 2903
4529 4396
81 2292
1838 323
3736 2
1869 2308
2969 2143
2573 4824
805 2921
2334 1622
4342 355
1597 1086
2175 3268
4217 3042
2806 2166
4135 2755
2334 528
2832 1768
814 518
4398 4285
1801 3309
4484 2057
2107 1139
3798 4273
1779 407
724 1763
4253 2214
3144 2886
1706 3489
3699 593
4288 1065
127 3253
3243 3324
1635 3063
3063 1544
4904 3756
685 1051
3161 3664
3022 1937
505 1574
4409 550
708 290
4819 1827
4961 217
4860 4801
3863 4269
4165 4317
2583 1515
760 495
2421 1891
4198 4788
1914 575
371 2444
4379 288
3289 4168
212 1362
4877 2795
155 2557
859 2989
4844 4778
1927 29
2214 4687
3406 2073
801 3989
1158 3487
2068 1206
2664 2098
545 4652
4232 2184
817 860
3549 4051
667 4762
2375 83
4841 4825
1191 1130
1470 3231
4487 2237
4231 168
1188 869
4381 65
1163 1643
575 4536
3553 4514
4024 4657
3999 658
2079 3261
3538 4446
417 852
4875 158
667 1875
2804 949
3585 3116
1377 1961
2232 2403
2480 1282
3350 3333
2038 90
1413 1301
2142 2593
711 3929
2290 2725
4793 3991
1520 4467
1317 765
2544 411
1153 2986
3746 132
1480 54
789 848
369 1202
3120 1764
65 2734
13 1481
1967 1160
1896 2169
4950 47
1317 3284
1277 3984
554 7
3550 4695
646 3674
2456 3235
317 2055
2586 3023
3304 1207
4770 2676
4671 2299
3271 4167
951 3667
3383 117
2439 2977
934 4127
4428 2626
4764 1441
3717 594
4531 1737
4730 674
3194 2840
570 3587
3123 3035
3332 2384
153 2637
3191 192
2166 1855
1485 173
2235 4848
4286 1058
3726 4949
2840 992
3392 4688
3402 1995
4198 785
2689 1125
3179 1201
3396 3336
1031 4954
3983 1936
3677 1698
255 2670
2850 3692
721 298
4178 1637
3383 736
1073 965
2793 2405
482 1954
2839 1015
3491 3209
1047 1151
2312 799
3956 2128
4501 4210
4811 3423
304 839
634 165
3308 1627
2590 3024
2377 3974
3046 2934
653 4542
2232 346
3417 2988
811 2222
1293 3203
1133 1012
200 279
4301 1048
1950 1174
2119 1088
2860 803
2079 1347
2032 4137
4956 1675
1244 2621
346 3931
3695 2437
4059 910
3188 4005
2905 2250
2917 2215
4 152
2673 602
2826 2691
4028 2738
824 4625
4264 3783
3297 2870
2541 2922
4306 3563
1732 3317
2216 1367
4605 2523
3882 4999
4516 1814
2093 2146
142 1664
24 1234
4706 2971
1995 574
3052 529
839 4098
2901 2785
3999 1660
1051 695
4252 4249
4305 3735
2307 2432
2342 425
1387 4693
3685 1593
2815 4917
1698 95
4392 1959
1178 1500
3608 2802
3171 1649
1299 3216
3327 2818
3417 2633
1354 3097
4059 4997
4479 3794
4641 1571
495 4212
2904 1753
3099 4567
4101 3878
3726 3849
2163 3609
3870 3557
3489 1487
1806 3010
2439 1396
4692 925
366 4704
2863 3108
4552 2831
4737 576
1183 659
4704 2756
2933 1605
923 3278
1261 1717
3775 445
18 3480
2215 4106
3505 4352
1431 3212
4954 4708
3739 3361
4066 3985
3242 3103
224 4002
3176 3617
3871 2155
621 3523
2733 4653
4130 3601
2825 1589
265 2070
3083 2072
4520 4037
4803 3230
3980 3440
4471 2004
2933 3468
2878 4938
368 2864
3615 1212
2268 1549
3902 440
1855 353
662 492
4816 4572
3879 4750
3155 1166
4687 416
224 4343
64 3252
3135 2333
473 1479
1934 2616
3949 797
4745 612
1509 1976
3332 4036
2622 4981
301 1146
766 4753
1017 1784
4808 3675
1998 1828
88 3766
940 4478
399 4512
4784 470
3054 2018
86 2855
2362 193
1307 3946
1683 1147
132 3019
4738 2382
3696 3765
3674 2481
3010 888
2429 3993
2880 4094
530 2436
4495 3714
4421 1372
510 4274
4568 4742
3615 2023
3179 485
194 3286
423 1900
4489 2104
4567 52
2517 3944
2561 103
3226 2741
4326 3337
3408 4590
3180 993
2795 2501
3111 1562
4559 3472
2637 2976
504 3044
2693 4134
2118 4400
1406 4746
2068 3137
406 2499
4910 2024
143 1653
194 3959
2991 4676
2301 1952
4664 2632
4754 3345
1011 1087
4169 4573
4827 4234
4079 589
4952 4891
2911 3925
4301 870
1335 1289
2181 2255
1358 75
1059 2020
662 3485
3675 1118
2268 2665
1212 169
865 3903
4060 1222
2659 2263
1118 372
2543 2150
837 471
1027 1240
1112 1865
153 516
2403 1604
1621 4110
1732 730
2168 2674
495 858
2517 363
3652 1333
1711 3516
2621 1142
807 1141
177 1445
4553 131
752 3276
2005 1497
1694 4422
1733 1319
2556 1152
2273 671
1198 2060
3116 4350
541 1267
3009 4640
2490 4779
1333 3340
204 2781
1134 3496
2591 2558
3012 351
4066 3760
3794 539
566 3436
2318 2293
3540 3649
2500 810
3324 433
3584 419
4470 4670
2942 506
4979 2685
3229 808
1931 364
592 4425
2183 1755
2659 1548
4431 4551
2963 1534
3272 1964
313 3628
4489 1794
140 2505
513 4013
4794 488
957 187
4897 1258
4961 802
4093 2392
4863 3051
859 565
2793 2207
1720 3086
2570 1839
3242 178
1080 3027
1950 3744
4649 4434
3000 3745
330 4154
4344 3683
4462 3790
790 1522
2095 1590
366 520
418 4818
2606 587
2313 1877
2206 1972
3962 3668
727 1729
3974 4170
506 3978
3003 2564
3097 4412
2879 4102
1438 1669
2206 2087
580 922
668 3113
1303 4727
629 3791
4120 2539
4320 1262
1968 536
1806 4892
4641 1862
3293 4122
3024 4416
2499 756
4105 3620
4301 1540
4871 780
3707 664
1294 2634
678 1943
3587 3865
2075 2754
85 1705
848 2727
3985 3190
2425 4258
2194 4097
110 4998
4435 1935
1841 4908
3286 2295
2375 959
2540 4056
760 3534
2118 2329
3151 4526
1876 4065
4974 1557
4325 2085
2268 367
3146 1110
2362 4836
3606 1712
3356 191
4343 2291
968 1504
2785 3169
1936 1945
2486 2281
3201 716
1361 2546
3855 358
636 1608
78 579
1787 744
3576 3072
1921 2220
4053 3375
2806 2259
3440 3997
2815 590
214 172
650 2560
2267 1510
2644 3501
1622 3483
239 2653
2225 2898
3266 918
4651 4200
2291 3580
1157 3598
3013 2730
4619 3808
2177 2179
1314 3351
4060 1650
1846 1618
1501 1607
2066 3536
4730 3530
4526 2089
4856 4230
2784 3458
4819 2873
4981 1736
1029 1598
4805 2536
3753 1384
4148 3852
3534 1216
1369 3809
4568 523
2989 508
3931 270
390 4726
4921 2105
3901 2021
95 3347
3553 2174
1695 3927
3236 748
3739 1564
904 2769
385 3915
3714 2013
2092 4601
4440 2363
2313 2767
1202 862
3273 4195
2048 2654
4279 2884
2539 4840
4563 2339
2291 4282
29 3445
4793 360
2419 4055
2179 1305
1982 3064
1935 2058
3739 4548
2106 2798
4521 2071
224 4830
490 237
3099 3676
1305 983
4320 2981
2279 2877
814 4393
3395 2002
1738 176
1880 643
4988 598
4260 4710
4858 4789
701 1826
4706 1420
808 1746
4024 376
3287 149
3251 1368
4367 430
4291 3782
1605 3168
4630 4585
4926 1782
817 1825
2940 1026
3587 3588
674 1533
3275 4377
4550 3709
3250 1974
1705 2351
3910 4494
3959 714
1486 3478
3910 1127
920 2700
3956 2598
1785 2799
3668 3509
1424 2159
1097 1180
2125 2687
1966 2846
367 3126
1178 2195
1375 733
3206 1122
4865 4941
2843 4809
426 995
2334 4973
4679 4962
3656 2753
589 4389
3576 2762
4992 3460
4789 1321
3839 4049
2097 921
1176 4712
2685 2968
2355 4977
365 1899
2168 2423
85 3961
1781 4650
3867 1894
414 4702
3828 909
1877 2949
3220 119
1152 3134
2261 2578
3853 2027
4243 475
4556 4242
257 4890
1127 4188
2207 1947
3642 1997
1263 2201
1760 3541
4444 2995
355 1581
3216 3731
2802 2740
350 1068
1865 4696
756 4885
809 3821
3253 3200
4525 2462
905 3644
2177 10
279 4574
586 4297
1900 4705
4292 1981
1724 1709
3905 2487
18 2615
1908 2171
4165 1140
295 751
1296 2677
1797 1394
2548 4423
1603 1028
2023 1291
1441 3360
2585 867
2980 2182
4369 402
1703 4103
2901 880
2425 4612
566 4117
3396 4477
4548 1395
385 4927
4854 4534
502 1925
2329 262
2192 235
3416 2629
3976 3890
4869 3518
917 2178
918 4310
1550 4363
2903 4000
1191 71
4584 3452
3819 487
3358 1659
3882 4772
260 3331
2857 1401
4297 1759
4379 4991
3258 3357
2423 1541
1634 3831
4356 1654
849 2789
4275 3378
700 2275
3519 2552
4253 4955
788 3522
2384 3208
2841 59
2627 2080
90 2630
3179 2643
4175 4965
2201 4663
655 4920
3591 448
1376 3720
664 1761
4282 2584
1917 4162
17 2074
1167 2321
3116 588
1982 2900
3268 709
3591 4763
693 868
4354 356
3359 4480
3304 4227
1117 2448
999 3603
342 300
2537 836
205 3141
802 2373
3934 3186
2663 442
3916 483
259 3795
3052 3109
4250 66
1606 1696
4044 1102
85 564
2337 4091
509 4144
2813 234
187 2077
2934 847
1345 3365
344 3844
3383 2011
2913 2409
2168 1807
2150 2151
2905 1128
4309 4333
3120 343
4053 1989
4581 3089
3530 3448
3095 3437
1162 1010
3531 1032
3170 1414
606 4017
129 618
4916 225
1081 439
1152 1323
2696 321
2781 4323
811 644
4006 43
4298 1115
3284 2043
4066 3456
3125 4208
4691 2823
2687 373
2092 3834
6 3030
3508 1419
236 4376
4279 737
576 345
1327 4042
2266 1432
4963 2306
2881 857
129 3339
615 3682
2220 3886
3979 68
1758 108
2531 1852
64 3319
4922 4674
1121 877
4495 4929
3910 3698
4981 2365
4461 533
1712 3091
771 2589
473 773
3516 1958
2385 3312
3200 4385
2174 3193
3779 4659
1791 4386
1168 3463
3534 3239
2007 1719
3286 160
1125 291
70 3752
3684 1458
4017 3528
4750 1459
4363 2265
4720 2527
2301 2322
853 4579
4879 3757
1130 3322
4621 2084
999 1071
3019 527
2312 1975
1597 1906
433 1681
4999 656
4434 3281
2842 1352
996 2588
3846 3447
1158 1773
4093 25
1345 1802
4394 4349
3931 1495
2114 3499
289 2147
1309 4635
4496 3379
1104 1740
3988 3995
4577 3897
2322 97
2869 2778
2195 1919
4704 2909
1086 56
131 3162
3883 4654
2029 3247
4037 897
2260 4582
4398 44
4074 4205
4332 1390
4828 812
4468 2031
1406 3869
2864 4221
1803 3299
4695 2875
4706 1070
3495 2950
2304 1380
4224 1526
3391 2305
1586 1069
1812 2856
3076 1
1310 3719
3662 4040
1197 1985
1035 2930
4858 3279
4967 4201
3400 822
4074 2763
2781 1320
3612 3764
1139 2955
4824 1338
2365 1257
1611 228
601 2450
3791 3586
2650 307
2008 1680
3251 1577
2225 4424
3337 4874
2936 1055
3739 2289
3154 3768
409 4262
874 3032
4298 3581
4836 3238
1633 2240
1219 362
2622 1469
863 4413
1333 1579
3333 1357
1843 2170
3988 180
4167 4186
2922 1591
2138 2749
4494 768
3326 2516
2335 2859
3963 2996
1424 889
433 1203
3674 2123
341 92
3288 1665
287 895
2436 4469
2144 245
732 2010
1274 2938
3019 3181
3191 2848
3091 1725
3013 676
474 3341
4448 1766
71 2684
334 2278
811 2221
2997 1851
3236 2296
323 4535
2914 4855
2892 1488
4890 4899
2795 4547
4952 1946
4599 2360
2387 3710
757 1397
2380 673
3242 786
2795 478
2823 1823
125 4335
1933 4588
2942 2845
701 21
2665 3636
1839 1731
957 3769
11 2276
4426 2234
4278 3014
817 4156
1229 3686
2061 3972
2965 1656
3237 3465
2913 4081
125 1326
395 4108
4068 3742
3871 2956
3732 4719
3429 84
3736 1655
333 519
1225 3295
1817 1793
1349 720
2429 4095
3332 306
1756 4180
2002 3629
3054 3575
4013 1932
4895 452
811 1138
4054 3241
2861 900
4854 2035
2021 1648
1048 2388
1004 4052
1131 4781
4156 1752
4258 1599
973 1798
1742 2000
1377 3856
4693 4761
1798 1237
4356 1595
350 3511
4332 734
2065 1751
473 273
3760 1800
4337 2019
3853 4795
3557 4533
84 2667
1618 607
4313 2714
3678 798
89 2193
143 4390
2852 1979
3400 2766
4732 4506
615 3565
2999 2592
146 2565
4805 1686
1660 4263
1494 2211
4983 1809
4920 2706
2801 3893
4727 3647
4244 3545
3044 3049
1596 2692
2402 3318
2529 2357
3091 1707
520 1702
4749 3018
4975 4648
3430 1209
109 3056
1150 4375
4883 573
3545 1503
4702 1272
4828 1920
3744 3728
2825 4307
3844 1350
3788 4636
3931 3290
356 4893
2946 3393
4059 2395
2534 4847
4854 2165
1282 3774
1786 742
1160 2970
2480 652
4376 2372
4127 4943
3870 151
2367 3454
373 3490
4445 4767
4722 2966
4655 3614
2862 2185
1317 2180
2899 3637
1279 966
3582 4236
510 665
57 4970
240 816
1261 2262
3763 2348
1 2366
1680 929
2110 775
322 3843
2758 1636
4962 4797
3685 1407
2802 1903
4586 4241
1920 4138
3032 1610
3477 2012
1805 277
87 4686
3798 2717
238 4214
2585 2217
4640 1662
4102 3060
1606 4758
536 3851
2493 144
1933 3031
1809 91
3340 2908
1030 635
881 4987
801 1870
2621 2820
210 4643
4648 3825
1995 4290
2197 3559
3810 1780
1110 2051
3893 3872
2860 997
2841 747
2391 4689
2278 2943
2548 1241
3491 4887
3508 719
1329 3204
3352 148
124 3772
2583 3921
3546 2478
2900 522
3637 3729
325 438
2146 3909
4119 3837
2039 2959
1481 1280
2254 712
2936 3368
2973 1630
2911 2723
194 654
4712 380
1759 2248
1504 1928
4535 2294
3010 4620
4465 4822
2963 3001
833 3681
18 3504
2103 4276
4698 2112
3983 4272
2950 460
3886 1582
4851 2587
2922 4911
4423 1799
2004 1970
3745 493
3111 434
1740 2962
1432 4411
1178 2100
3288 3150
1393 3442
4960 3935
1428 4774
3071 3919
4962 1538
2172 638
136 2336
592 3302
3903 2341
4877 2902
2827 1585
3597 942
3846 4634
1377 1190
4764 630
92 4488
4134 98
2447 3771
550 1565
3079 4953
4706 32
2552 831
4922 3163
1592 755
4475 605
1215 4538
2428 1813
565 3780
3784 26
1116 2569
1177 4114
1483 1677
4236 2442
1891 3467
4680 4472
842 675
448 1382
4274 3165
3013 3778
3670 1243
2125 2033
3534 3884
2931 4600
2778 3453
513 3101
2050 1181
3495 3643
859 2628
2384 749
4998 2932
2899 3829
3736 1804
1664 3244
2663 1491
1946 679
1780 3225
2510 4814
3212 3376
4853 106
2804 4045
1936 2270
1814 1283
1649 1775
3886 37
789 1542
3846 1123
2803 705
4326 1575
4114 2231
1311 3033
1378 1275
2679 201
4423 1187
139 1543
3628 894
2803 1040
508 1615
563 3174
4788 1670
866 1114
3120 3342
3572 540
4120 1790
2826 354
3347 3088
2085 4219
1556 2319
2861 876
1929 1977
1340 2771
2214 2464
155 3403
4372 2906
3649 3482
2070 3198
138 3094
3494 2113
1502 3143
3501 2246
1297 626
1714 206
940 69
43 2958
3919 571
3901 4312
4176 4452
3990 3484
4044 4084
1134 3618
95 1528
2679 2979
3372 3789
77 82
3871 544
773 1463
1806 549
4858 4454
958 4915
4306 4304
1682 2805
4586 4912
2127 3521
483 581
1323 458
3631 326
2011 4498
1725 1182
3575 3648
4719 1999
4617 104
4512 3002
3324 207
2349 2494
1461 2379
3105 2310
2654 4790
2414 2109
4782 2559
4109 840
250 692
2129 2016
4708 669
4905 3415
3587 486
678 4968
674 2761
1764 2209
844 4340
2598 821
2744 1399
65 3998
357 2014
3210 3892
4869 8
758 4039
1085 2426
670 4458
3486 1389
119 988
3845 1063
4854 1721
4413 3873
3120 1795
788 1037
2366 3476
566 4107
4135 2040
3182 3964
1504 2352
1929 2603
1005 1109
1438 1545
4356 1429
3569 2865
3959 1161
4738 1569
1160 4096
1215 1442
4156 1468
3375 4087
2287 1220
3732 4382
32 660
1630 1626
626 5
496 3734
1781 4229
4336 2718
1969 3017
1022 2062
1002 267
1825 1268
2926 4089
4895 3700
2060 1912
130 3084
1068 4669
4533 2311
3151 2086
3621 2378
2573 1366
3846 1444
4177 352
733 835
209 3080
4823 2160
2263 4541
3394 838
2504 116
2955 4713
307 1588
1760 901
4039 2046
3487 4190
3507 4593
1389 4141
2014 4780
2270 2433
1669 4233
3644 1348
1451 4826
4932 1313
4552 1090
4201 4142
3012 2821
4140 3702
3606 198
3054 3657
88 280
2367 964
2576 2498
4764 2680
1653 3390
1403 1735
1143 1064
3148 2524
4574 4667
3752 741
317 3474
2110 1718
152 2550
4630 4736
1205 3755
3648 2709
3638 1699
2182 1517
3897 4882
2700 3298
4379 745
3231 2347
3250 2772
3360 1173
4514 4322
300 415
1283 2641
2223 1224
2063 2371
287 1250
1682 4986
4693 293
1077 1539
3 3611
302 1628
4795 1046
3463 3529
1278 401
818 1337
3855 2199
487 2356
4201 517
2700 1408
1653 682
798 113
2437 4361
72 1374
1846 3412
928 1430
4275 1193
889 1266
1793 617
2176 4076
3321 1455
2625 2519
4758 2623
1217 4075
1491 4116
763 2258
4420 2346
4829 4293
4079 1330
187 2894
2784 3227
520 3848
1660 4432
4828 3973
3232 2554
2692 2964
1778 2298
632 1450
1912 4256
4797 1704
4697 2088
3695 2883
1090 739
3968 639
381 3654
4894 4622
262 4160
3338 2131
3445 2353
165 4183
4321 1524
2441 1965
1031 472
211 3688
2004 4834
1321 696
2262 4504
1316 1334
3105 4499
4804 2297
2822 1885
2962 3320
1863 2343
1544 2091
4514 2037
3308 3773
2933 4564
653 1913
996 4133
2530 392
695 2397
4582 1304
3463 3466
390 4240
2879 3986
4226 4802
4399 4513
650 916
1571 2731
1956 4041
234 4009
365 393
1097 3245
3214 1039
1617 4971
4421 154
119 1842
221 1165
3805 185
332 3104
4838 1873
3246 436
1807 196
4500 2069
4852 2849
3677 2078
465 3234
4812 28
3273 2411
2075 4353
1029 1623
2538 4684
1774 1743
2038 3397
3735 1484
3128 4555
4520 3039
1085 3669
180 3862
3813 4113
2349 907
175 1145
804 4299
1261 1701
2933 2907
4682 1045
4984 772
4653 3727
3871 637
4711 4966
3511 182
4379 1154
2019 383
523 683
2378 927
2635 1684
4102 2748
1683 4578
4608 2236
3689 552
2002 4539
2384 979
1366 4631
3968 3328
900 631
3098 750
3370 3733
707 4872
1924 3131
239 319
4340 2064
1958 604
2305 2990
2319 648
3414 420
3451 2467
4536 3595
4854 2893
4437 2780
2676 375
2574 2579
1954 4387
3735 1505
4495 188
989 2597
940 2937
1597 3544
864 12
2737 189
1274 2472
4389 3594
3463 2148
1257 162
2339 1667
1264 774
3268 3803
3156 3129
4594 3690
2364 559
3677 3987
1656 622
3284 4861
2480 1771
1618 1018
187 1613
93 3497
4570 4100
2636 2111
586 1576
196 2102
4936 2484
4042 1516
3598 2631
1408 27
3449 3301
902 2978
4581 3334
463 3889
986 2951
2700 2006
609 2835
24 1231
2050 1847
4742 1072
1019 2152
1116 1990
810 4881
4481 2286
3662 1095
3246 4460
1356 2732
1087 4546
4232 2230
859 912
368 1547
4386 3344
137 535
1868 2602
1212 1288
417 843
1207 2672
1143 1400
2286 2149
2692 777
3002 4223
4188 1024
168 2096
277 1290
1234 3885
1457 1132
3652 1777
910 2491
3216 4368
4712 4247
737 3008
2052 1980
2095 2338
4680 2526
1683 689
518 1529
1155 3800
2503 308
2523 2828
1410 3781
2287 3543
2462 2041
2609 3184
4256 2162
4897 800
940 1381
4906 2868
1650 2695
136 1884
4814 67
4468 4280
2525 2647
3978 2507
3644 4033
3178 2126
2628 1025
4751 3434
3286 500
3396 1434
2397 725
2228 4268
3141 2928
1642 4901
1386 2712
4776 3574
68 428
570 2474
1569 241
1355 1693
4926 3761
822 2577
3591 4374
998 432
3164 1331
1893 1573
16 1412
4890 1078
1380 19
2348 3970
1587 294
504 1867
4319 2729
1242 2787
1780 611
621 2210
4866 4447
2623 1245
3197 1864
4317 2284
2383 3325
2326 3718
3519 971
2711 2099
2121 3918
1689 2867
2269 829
2147 3260
4252 899
18 3562
211 4996
4924 3896
2566 4035
4638 3011
2241 2309
1614 4064
4748 2678
1738 3085
698 3564
118 2819
2558 310
3630 2239
1287 4077
4108 1757
4374 3560
2170 3898
4251 4839
2960 3552
1323 4624
3518 2509
4524 1083
3929 2508
4913 898
4538 3373
3466 4709
4916 4016
2936 4300
4802 2115
4385 1810
4153 3493
44 3136
1219 3381
3519 4235
2937 3117
681 3106
2487 2407
2888 3166
3886 4775
2842 938
2154 4408
202 2323
1655 672
2350 49
2089 1113
868 2083
377 4184
4407 3147
188 2953
1126 3217
2901 2132
1676 740
3091 1473
1435 2189
976 2314
2039 4215
3226 1079
4790 1100
2798 1020
1037 48
1998 1460
1575 3446
1878 1844
3599 4351
2897 4019
853 4266
2362 254
2157 53
790 1532
3322 2853
1992 2511
481 1602
3418 3820
407 553
1593 4080
4861 4459
2607 1255
3780 2920
3605 1551
112 1789
3718 542
1147 3641
4211 3551
1136 2952
2218 3525
1423 2891
387 3315
2290 4947
1740 4063
3988 3410
4584 3802
3613 233
3953 4755
4091 309
4752 2992
1838 3183
3985 170
4732 717
3698 1476
700 1685
48 40
2084 2413
1206 3942
1724 1186
3473 2512
4442 926
3212 4124
4955 2974
4459 2458
269 3933
4199 2721
1055 3833
4282 2506
1875 1276
4713 1373
4386 1987
1060 3157
4676 1439
2291 2327
4160 4773
4769 1887
4264 2655
4550 3881
2275 4958
1469 1148
1280 3907
194 4527
3642 2752
2148 3228
910 305
3929 3152
3008 1563
1366 3283
1220 4082
3730 3864
1337 404
50 3492
69 3920
1274 827
3779 31
1426 2191
3248 2470
1662 4267
1496 2551
3709 1498
127 3215
2574 3386
1255 1889
115 1286
2323 1882
2418 4187
4880 3475
3395 2251
87 3041
358 2430
2938 1405
203 246
2938 296
935 303
619 3323
3260 2876
209 1856
31 347
1302 4050
4833 2716
1891 970
1053 1379
3768 4061
3323 51
4 3061
3053 1462
2886 4760
1256 1508
4416 1061
2138 3457
3330 4004
3091 3610
2543 1525
4837 834
37 944
3123 1398
4186 223
3711 4787
880 1554
3548 1881
2705 3348
2622 2542
659 3133
4593 2660
2742 1214
1578 1883
2182 2726
3596 248
1519 2476
1064 2765
4764 3004
4854 2116
1321 1351
487 459
3319 3533
2711 4703
2420 3697
3968 2724
3136 2017
2478 1251
159 1739
1422 3971
1213 4846
3395 2697
3017 4743
3608 4558
3243 220
4337 1452
2519 190
245 213
3213 1620
3063 2440
3250 4254
4427 4683
4214 3459
2383 3081
1611 2497
3188 2359
3805 4699
3828 731
4270 1440
1 2715
33 3567
3585 4717
4082 1391
4150 4008
1933 2401
2945 3693
4396 61
1633 603
2632 4126
3770 3282
3835 4085
4481 2599
3338 4206
3647 1175
410 3908
3268 4159
2415 272
609 2817
2345 2186
3726 1106
1336 4366
4082 543
1432 641
3907 4111
2157 2708
1958 3937
1598 4046
2002 610
3732 521
4760 3259
2539 3470
1065 4287
1901 408
3514 932
4893 4898
401 2824
4324 3366
4301 3694
3880 451
1805 718
4166 3663
4494 4348
542 699
3765 4849
3525 961
926 2935
110 2777
1571 2694
4150 1879
4156 3823
4128 3842
1023 3526
2379 2219
1775 134
4746 4071
4059 4675
2812 2836
2348 4820
4586 1273
1497 3070
3541 2657
1288 3409
3595 1464
1378 1939
2965 2797
3349 397
1318 1199
4743 447
444 830
2783 2773
65 2386
1761 2600
3966 3353
4262 597
1393 348
474 3517
1539 161
2024 3277
4821 1830
2212 2703
650 738
3273 469
3845 2581
610 36
2296 2059
4846 2328
4893 3913
1996 1762
2559 2410
949 706
2078 3422
2285 1425
2712 2015
49 2117
3093 1009
3144 3450
3224 4161
4005 3513
2184 3367
3769 1411
565 1857
3587 555
2489 3185
3223 1874
4723 4294
4754 9
898 2101
1186 2022
595 4218
3026 4532
4471 318
4432 1570
1584 1041
765 2887
3212 1454
4152 3826
2840 4271
1171 1437
4002 4318
1117 628
90 813
3938 429
1112 1983
3796 1194
2852 2683
3414 4807
956 4383
408 4194
105 4993
2208 4429
290 878
4132 2918
4110 1363
4424 2047
4405 4359
3742 4765
4516 978
3963 3380
2417 3639
649 3754
2707 4707
1153 2993
3427 4370
528 1300
4425 3142
4782 2751
4923 1082
4599 2124
267 2619
1336 4145
1517 4903
3321 3346
1942 3716
4965 1918
2648 4850
937 2895
2230 1239
2560 1467
4599 1417
508 335
318 4255
2220 4257
3701 2985
4599 3740
4200 2720
1767 4900
823 2829
3061 2924
3175 3055
2811 378
2112 3945
3240 338
1674 2238
2209 2522
1237 1038
4347 770
4831 3722
1194 3267
4242 1169
526 1594
703 244
2221 1986
1557 4397
4176 320
4854 2158
3390 515
1010 3568
1519 3625
1216 3254
3284 1829
2839 3899
4895 1016
1481 1647
2539 15
3231 2488
2963 3645
996 2601
1738 3759
1284 2521
3448 3812
1813 4449
4213 3691
1507 1640
2681 4216
2974 4690
4879 3314
3174 2747
1704 1067
2681 4345
2259 828
4994 264
2456 4623
1406 3461
3284 147
416 891
172 3965
3099 3110
3052 2081
2271 1905
248 3635
3645 3738
3405 3590
4812 3202
77 1583
4065 537
1330 2438
2231 2449
567 3479
587 3661
4381 4668
2276 3296
2069 1315
1867 4678
4052 4611
385 4237
1071 2722
3751 312
1493 2779
1721 2834
1570 2370
3637 2704
3055 230
4538 2984
4226 4246
4371 975
1991 1754
1745 1324
1731 1944
2079 1490
3237 3306
771 4043
4430 4238
4965 4283
3247 4248
3179 1075
1597 856
2285 620
2632 3658
330 3955
4044 948
425 2690
1700 893
3028 3749
726 2645
1018 2358
3786 2424
1059 2036
194 3207
4090 197
4395 1014
1193 4785
3611 3724
4442 1341
1912 4868
629 374
2990 3928
4474 4972
2358 1466
2885 4373
3647 728
885 3801
2136 4032
3466 1819
4750 3527
3079 1477
436 514
4285 2434
2944 2435
306 1295
3714 583
738 1328
1250 578
4297 3432
2096 94
1940 4338
3079 3814
1093 872
1723 3335
2655 122
4424 4048
4984 845
4955 382
4583 4658
4658 4741
4845 746
3867 4143
113 642
1077 2082
3668 60
3904 4884
3678 42
2462 3387
1717 3221
200 906
1819 4391
1080 1346
77 3291
3443 3792
4499 4131
1780 431
3480 2025
294 1404
335 1860
496 1552
2853 4628
2118 582
3825 285
2679 4486
2651 4545
1035 4685
2911 1631
1407 2638
1068 826
4932 3816
4164 4155
3173 538
1288 3114
2999 4173
308 1834
4898 1409
1547 584
1873 4937
4093 1523
4872 2044
2687 398
4468 1076
2633 1200
2823 1105
975 1555
3558 1511
2412 1916
3315 2580
420 1339
463 3160
4285 1418
4879 3219
2122 4069
1028 1465
1540 1672
3086 879
4699 2461
2725 3951
3375 3153
1364 3444
578 4067
4215 243
4138 480
2920 3616
4876 1632
906 1000
432 960
4874 2483
4780 3419
1642 4942
3713 435
1607 2404
729 4597
3790 3891
4121 954
2585 4603
4135 1652
1098 613
200 3038
2423 2562
4818 2400
1692 841
4420 1530
1351 787
1880 4417
419 661
4973 1189
2465 3502
3014 3748
1273 3827
4293 3506
1825 591
2166 46
4274 4592
2611 2669
3149 477
1500 2701
1062 3799
3787 2571
1003 4918
2208 2671
3479 1734
897 2675
2626 4878
171 713
1003 503
3867 3797
1695 974
4305 1897
3506 135
1434 4557
2536 4627
1148 4519
1873 2656
4782 1741
1790 30
4641 1124
1846 2187
3745 4007
4561 3401
2908 3377
156 150
976 1612
790 4099
4540 292
2101 2049
894 1609
3199 3673
3170 2604
3600 2967
2471 1853
3267 3269
1726 1129
628 4645
316 4193
1268 1008
1042 4172
2838 1691
1635 1478
2262 4355
136 3671
3001 76
2294 1259
620 2774
4161 4439
3923 3706
3977 1033
2287 2728
1975 2916
2369 1831
2427 4378
4059 3895
3283 3069
3929 3362
912 4158
4956 4615
2093 2227
1918 2354
1141 2941
954 2513
1820 1306
464 1639
1857 694
3277 1172
1399 1489
459 1601
3843 219
1531 4673
1972 4384
1069 4672
2403 23
4420 759
3976 3655
3899 4289
3191 1448
2146 2983
1439 3666
417 4806
4337 3102
3109 4714
2651 1836
489 4277
4260 3439
3931 441
578 4438
1192 4731
3570 1818
259 560
1572 340
4064 1535
1700 4491
169 3992
983 386
2930 1108
3914 1744
4925 4768
3829 3651
715 3703
1433 4209
3227 3065
173 2202
3767 1658
4032 953
2375 1226
4403 3195
872 456
3480 1421
3018 4964
1035 157
414 3037
1941 3211
460 3926
4487 1984
2304 3329
631 3687
208 4610
2331 4380
4272 3196
2041 2406
283 174
396 4813
3590 608
2619 2244
4265 3524
1636 3107
836 479
4252 1235
4711 1156
3395 4025
4597 846
1073 4777
3566 3954
2398 2280
589 1730
3920 455
4129 4015
1408 1271
4056 3311
2902 1772
2127 1948
4320 251
1854 2686
1680 1821
2464 2198
2569 4569
1217 4660
2358 4515
146 2243
2409 41
1497 3057
1820 4259
1555 3672
4227 783
277 215
815 1926
882 3087
679 274
1631 443
1975 4945
2091 2229
2969 123
1607 4565
4013 4725
3141 4959
3582 4995
1666 166
2556 3498
3785 1094
733 4308
4985 1567
1205 3404
1333 1034
4884 2153
233 4951
3108 1312
2345 1135
4947 3866
3304 4346
2227 3535
1131 2568
2566 2719
2180 1370
471 507
4359 2381
719 4681
900 924
419 1265
3524 286
4516 1651
3164 3924
3795 3762
4341 3218
2389 1816
2875 4303
4757 2204
212 100
566 557
105 3930
953 2090
4413 1001
886 1344
1429 1561
1232 1930
4861 890
2712 955
3987 4889
4004 3705
732 4023
1842 2699
703 2792
2075 946
1605 3650
2706 3115
1746 232
3409 1388
4874 2247
4411 1861
33 1566
76 227
3526 3096
713 677
3269 1871
1137 990
4976 1066
4030 1021
4554 468
2451 3262
4495 167
2560 1776
724 4073
2658 4388
3609 1951
1873 1360
4586 3815
1272 2009
3189 179
1349 3050
184 494
2929 3747
2901 1195
708 616
4754 163
1449 1558
1466 1371
3855 3847
503 4796
906 4815
242 1096
4520 1107
1435 806
4708 3411
1806 2482
3896 1909
992 2332
1889 3940
1128 1512
3997 4072
1529 911
3356 3537
4608 501
829 2463
2959 4419
3283 1957
2012 4607
1281 3172
4573 3589
3793 1499
1138 3036
3616 4020
4495 512
4376 3512
1143 2452
2413 3398
437 4404
4577 2618
3643 252
4105 2575
4576 4647
4691 4112
1217 2141
581 4281
