200 307854322 1
1 304192542
1 261749745
1 227234660
1 258761107
1 71490397
1 72584186
1 172113773
1 170623186
1 109308637
1 108383253
1 221430535
1 184520171
1 12820964
1 64943840
1 271383631
1 103269159
1 12002213
1 141551258
1 200255671
1 303679342
1 177153246
1 242934504
1 192722694
1 81041418
1 129449540
1 208869479
1 193883084
1 47265951
1 14844237
1 204331401
1 120715260
1 183356222
1 151061115
1 97645108
1 95770509
1 10891614
1 136365751
1 277592250
1 244161106
1 74405936
1 140365146
1 22587603
1 172441554
1 300179553
1 235367849
1 75467014
1 291045594
1 220071302
1 26967280
1 279868778
1 109902396
1 286509675
1 275417760
1 74253569
1 57318310
1 147462465
1 89999340
1 17784677
1 245244350
1 138709004
1 214478013
1 134244031
1 298548097
1 17276277
1 183802269
1 22366514
1 275904549
1 142230969
1 116156399
1 63581175
1 136336228
1 214860504
1 72329372
1 204231581
1 78276583
1 277642488
1 81760292
1 7831561
1 134535873
1 42237141
1 165620849
1 286362129
1 87388726
1 288617590
1 97675237
1 113222505
1 292912
1 98092392
1 257549905
1 180583994
1 244157382
1 117371320
1 304810612
1 148813285
1 150599985
1 229632823
1 246806551
1 297736161
1 66536628
1 70165839
1 31086027
1 0
1 46984478
1 0
3 13 2 11
1 134407869
1 134407869
2 73 7 31 130418473
1 134407869
1 62804642
1 134407869
1 134407869
3 28 12 21
1 173819539
3 93 34 83
3 68 5 38
1 95422722
2 85 54 85 89788932
2 28 2 25 251954506
1 185543612
1 34466375
1 185543612
2 28 2 13 51844756
3 43 22 33
3 97 5 87
1 53569742
1 83590412
1 53569742
2 1 1 1 131620724
2 128 5 72 41971821
1 53569742
1 197197823
1 333156690
3 59 48 50
1 224641252
1 24037560
3 54 26 40
2 91 7 37 58105019
2 59 4 50 254285874
3 112 17 63
3 103 53 54
3 3 1 3
3 4 4 4
2 121 68 76 258392700
2 88 55 59 10180251
2 110 45 76 125533148
1 160394017
1 170735200
3 51 18 34
3 136 43 64
1 49346652
1 114223193
3 62 17 26
3 57 8 40
1 278848254
1 278848254
1 411603847
1 278848254
1 278848254
1 278848254
2 112 70 79 437553006
2 120 4 89 428224488
3 53 50 51
2 109 36 81 205513848
3 81 31 46
3 78 45 64
2 107 19 28 8661353
3 36 21 33
2 28 4 28 227981470
2 42 18 29 7067955
1 1536382
1 214941299
1 176373062
2 172 26 74 241772251
1 21368911
2 61 50 61 37266210
3 84 30 48
3 31 8 24
1 297156062
1 328205831
2 175 57 77 408989526
1 528105214
2 30 4 24 416690156
3 9 4 8
1 31664726
3 144 40 67
1 276474902
2 115 56 72 15951722
2 187 6 50 38653155
1 17582098
1 276474902
1 415944350
3 34 1 24
1 204461450
2 136 1 59 92444637
3 79 7 79
3 22 2 17
1 284506459
2 166 78 86 22058413
1 30931926