100 100
45 74
38 50
7 45
52 62
83 100
50 51
8 11
93 98
64 70
15 87
30 87
13 79
14 81
18 79
70 88
25 39
13 57
55 85
80 92
83 90
54 75
1 61
17 42
25 49
39 77
32 45
83 87
30 47
59 84
25 50
1 82
21 45
72 96
3 85
16 64
52 92
28 29
84 88
26 93
10 67
27 76
57 62
43 69
63 66
5 59
9 46
49 53
35 50
3 19
23 62
38 73
17 68
34 83
42 91
13 92
19 62
17 70
18 75
95 99
35 90
81 91
59 63
5 90
22 87
51 88
25 61
56 91
50 78
11 60
11 18
27 45
57 82
16 54
3 94
33 56
9 71
68 88
24 36
7 64
48 85
58 76
20 43
9 90
24 27
71 97
25 95
73 97
55 83
22 43
53 55
68 88
12 44
25 87
14 46
34 56
15 35
7 80
46 87
23 71
88 93